1, 231
2, 254
3, 694
4, 237
5, 210
6, 209
7, 210
8, 264
9, 213
10, 210
11, 231
12, 214
13, 281
14, 209
15, 255
16, 236
17, 282
18, 253
19, 249
20, 222
21, 225
22, 210
23, 262
24, 331
25, 209
26, 221
27, 241
28, 307
29, 212
30, 566
31, 264
32, 230
33, 211
34, 287
35, 211
36, 299
37, 284
38, 308
39, 276
40, 292
41, 214
42, 228
43, 253
44, 484
45, 211
46, 231
47, 295
48, 212
49, 214
50, 239
51, 240
52, 281
53, 317
54, 267
55, 267
56, 362
57, 541
58, 619
59, 221
60, 720
61, 226
62, 257
63, 320
64, 249
65, 217
66, 250
67, 217
68, 474
69, 490
70, 392
71, 328
72, 221
73, 240
74, 233
75, 365
76, 210
77, 290
78, 310
79, 270
80, 611
81, 393
82, 211
83, 379
84, 321
85, 312
86, 243
87, 294
88, 1112
89, 448
90, 280
91, 454
92, 211
93, 225
94, 251
95, 483
96, 276
97, 221
98, 303
99, 634
100, 210
101, 241
102, 703
103, 210
104, 330
105, 215
106, 210
107, 218
108, 213
109, 390
110, 211
111, 293
112, 398
113, 247
114, 228
115, 305
116, 210
117, 268
118, 218
119, 212
120, 326
121, 435
122, 228
123, 238
124, 472
125, 236
126, 213
127, 212
128, 212
129, 225
130, 249
131, 297
132, 233
133, 254
134, 306
135, 248
136, 289
137, 213
138, 386
139, 265
140, 436
141, 217
142, 210
143, 211
144, 358
145, 209
146, 211
147, 209
148, 261
149, 209
150, 210
151, 211
152, 209
153, 209
154, 216
155, 875
156, 210
157, 293
158, 209
159, 213
160, 210
161, 218
162, 235
163, 221
164, 274
165, 241
166, 242
167, 255
168, 293
169, 470
170, 220
171, 211
172, 236
173, 501
174, 229
175, 279
176, 209
177, 237
178, 210
179, 270
180, 239
181, 377
182, 237
183, 407
184, 225
185, 248
186, 211
187, 211
188, 281
189, 272
190, 299
191, 316
192, 215
193, 353
194, 218
195, 274
196, 1413
197, 209
198, 209
199, 218
200, 294
