1, 328
2, 259
3, 302
4, 209
5, 270
6, 213
7, 211
8, 511
9, 464
10, 209
11, 289
12, 209
13, 210
14, 218
15, 293
16, 819
17, 511
18, 212
19, 222
20, 229
21, 290
22, 342
23, 210
24, 210
25, 209
26, 214
27, 218
28, 210
29, 210
30, 211
31, 211
32, 595
33, 209
34, 216
35, 209
36, 365
37, 248
38, 210
39, 210
40, 218
41, 218
42, 237
43, 305
44, 212
45, 209
46, 275
47, 300
48, 210
49, 220
50, 276
51, 301
52, 212
53, 772
54, 216
55, 338
56, 829
57, 256
58, 274
59, 231
60, 263
61, 210
62, 213
63, 286
64, 297
65, 241
66, 210
67, 221
68, 210
69, 276
70, 220
71, 226
72, 251
73, 210
74, 227
75, 210
76, 359
77, 210
78, 210
79, 283
80, 1768
81, 389
82, 346
83, 741
84, 224
85, 232
86, 209
87, 210
88, 232
89, 293
90, 210
91, 298
92, 265
93, 329
94, 209
95, 400
96, 387
97, 814
98, 223
99, 223
100, 210
101, 212
102, 209
103, 291
104, 244
105, 234
106, 234
107, 322
108, 214
109, 215
110, 210
111, 210
112, 291
113, 320
114, 245
115, 320
116, 218
117, 209
118, 867
119, 382
120, 212
121, 773
122, 211
123, 442
124, 211
125, 212
126, 309
127, 210
128, 210
129, 211
130, 229
131, 451
132, 430
133, 268
134, 214
135, 256
136, 212
137, 350
138, 209
139, 232
140, 210
141, 480
142, 211
143, 210
144, 240
145, 213
146, 210
147, 209
148, 280
149, 363
150, 219
151, 612
152, 281
153, 288
154, 246
155, 345
156, 289
157, 388
158, 212
159, 254
160, 210
161, 222
162, 210
163, 223
164, 226
165, 226
166, 209
167, 211
168, 209
169, 240
170, 527
171, 210
172, 321
173, 285
174, 332
175, 210
176, 234
177, 251
178, 311
179, 277
180, 305
181, 210
182, 759
183, 287
184, 213
185, 215
186, 306
187, 252
188, 364
189, 291
190, 238
191, 214
192, 327
193, 397
194, 231
195, 241
196, 242
197, 214
198, 223
199, 221
200, 302
