1, 299
2, 246
3, 304
4, 234
5, 194
6, 271
7, 676
8, 192
9, 184
10, 185
11, 195
12, 281
13, 194
14, 377
15, 350
16, 382
17, 649
18, 252
19, 212
20, 333
21, 837
22, 184
23, 184
24, 276
25, 195
26, 183
27, 194
28, 184
29, 189
30, 186
31, 271
32, 213
33, 510
34, 261
35, 229
36, 588
37, 324
38, 741
39, 185
40, 191
41, 406
42, 186
43, 700
44, 195
45, 184
46, 280
47, 354
48, 186
49, 247
50, 274
51, 202
52, 423
53, 189
54, 341
55, 429
56, 184
57, 220
58, 187
59, 303
60, 183
61, 184
62, 184
63, 184
64, 196
65, 212
66, 205
67, 184
68, 225
69, 188
70, 188
71, 185
72, 796
73, 294
74, 217
75, 184
76, 186
77, 184
78, 184
79, 289
80, 186
81, 185
82, 204
83, 184
84, 194
85, 326
86, 185
87, 185
88, 232
89, 190
90, 296
91, 608
92, 183
93, 213
94, 648
95, 192
96, 253
97, 264
98, 184
99, 187
100, 1871
101, 244
102, 199
103, 376
104, 265
105, 711
106, 254
107, 605
108, 306
109, 254
110, 222
111, 623
112, 330
113, 185
114, 222
115, 372
116, 188
117, 232
118, 298
119, 187
120, 185
121, 189
122, 418
123, 184
124, 190
125, 185
126, 374
127, 316
128, 386
129, 314
130, 184
131, 185
132, 184
133, 198
134, 262
135, 184
136, 198
137, 428
138, 393
139, 184
140, 189
141, 257
142, 186
143, 183
144, 196
145, 207
146, 287
147, 654
148, 240
149, 186
150, 231
151, 389
152, 217
153, 185
154, 197
155, 336
156, 188
157, 321
158, 206
159, 193
160, 187
161, 287
162, 187
163, 224
164, 210
165, 224
166, 192
167, 292
168, 297
169, 306
170, 235
171, 301
172, 309
173, 349
174, 220
175, 695
176, 201
177, 311
178, 184
179, 219
180, 184
181, 189
182, 186
183, 242
184, 296
185, 234
186, 367
187, 186
188, 381
189, 722
190, 184
191, 184
192, 183
193, 186
194, 185
195, 184
196, 219
197, 201
198, 238
199, 897
200, 193
