1, 281
2, 185
3, 237
4, 207
5, 436
6, 193
7, 184
8, 184
9, 342
10, 187
11, 339
12, 203
13, 266
14, 189
15, 300
16, 185
17, 358
18, 243
19, 186
20, 212
21, 309
22, 325
23, 199
24, 302
25, 499
26, 346
27, 185
28, 253
29, 191
30, 184
31, 205
32, 354
33, 262
34, 982
35, 201
36, 185
37, 522
38, 383
39, 436
40, 729
41, 456
42, 225
43, 220
44, 207
45, 454
46, 289
47, 199
48, 184
49, 184
50, 184
51, 490
52, 299
53, 291
54, 244
55, 202
56, 249
57, 471
58, 184
59, 216
60, 270
61, 336
62, 283
63, 184
64, 183
65, 184
66, 267
67, 183
68, 227
69, 467
70, 197
71, 224
72, 368
73, 184
74, 223
75, 184
76, 405
77, 189
78, 389
79, 213
80, 241
81, 247
82, 213
83, 184
84, 201
85, 230
86, 321
87, 201
88, 261
89, 184
90, 191
91, 391
92, 200
93, 237
94, 658
95, 185
96, 187
97, 216
98, 185
99, 213
100, 482
101, 186
102, 204
103, 201
104, 184
105, 184
106, 266
107, 193
108, 194
109, 493
110, 210
111, 252
112, 417
113, 415
114, 254
115, 459
116, 186
117, 185
118, 312
119, 241
120, 380
121, 324
122, 288
123, 305
124, 570
125, 527
126, 246
127, 242
128, 387
129, 208
130, 319
131, 224
132, 264
133, 281
134, 185
135, 208
136, 214
137, 184
138, 190
139, 316
140, 205
141, 184
142, 184
143, 187
144, 190
145, 253
146, 996
147, 1579
148, 213
149, 184
150, 253
151, 243
152, 293
153, 342
154, 195
155, 1082
156, 185
157, 327
158, 325
159, 361
160, 314
161, 391
162, 186
163, 185
164, 376
165, 218
166, 191
167, 353
168, 191
169, 386
170, 189
171, 415
172, 198
173, 242
174, 185
175, 185
176, 264
177, 241
178, 184
179, 210
180, 187
181, 230
182, 187
183, 256
184, 233
185, 184
186, 186
187, 184
188, 201
189, 217
190, 183
191, 184
192, 184
193, 184
194, 232
195, 211
196, 209
197, 285
198, 184
199, 240
200, 185
