1, 310
2, 263
3, 174
4, 173
5, 197
6, 186
7, 218
8, 295
9, 186
10, 175
11, 174
12, 173
13, 228
14, 366
15, 217
16, 291
17, 174
18, 214
19, 180
20, 200
21, 192
22, 237
23, 198
24, 386
25, 247
26, 174
27, 194
28, 222
29, 200
30, 293
31, 178
32, 173
33, 173
34, 175
35, 175
36, 244
37, 245
38, 351
39, 619
40, 174
41, 174
42, 177
43, 206
44, 296
45, 759
46, 208
47, 184
48, 239
49, 292
50, 198
51, 176
52, 176
53, 177
54, 312
55, 174
56, 175
57, 291
58, 212
59, 198
60, 324
61, 240
62, 186
63, 436
64, 179
65, 183
66, 244
67, 222
68, 185
69, 244
70, 221
71, 212
72, 244
73, 197
74, 174
75, 184
76, 188
77, 174
78, 183
79, 203
80, 190
81, 177
82, 196
83, 221
84, 460
85, 256
86, 182
87, 211
88, 178
89, 174
90, 173
91, 202
92, 206
93, 213
94, 273
95, 174
96, 177
97, 177
98, 188
99, 199
100, 201
101, 191
102, 183
103, 192
104, 262
105, 196
106, 1613
107, 376
108, 272
109, 214
110, 173
111, 174
112, 174
113, 175
114, 197
115, 174
116, 175
117, 177
118, 177
119, 340
120, 340
121, 185
122, 228
123, 176
124, 430
125, 368
126, 425
127, 1682
128, 265
129, 4911
130, 399
131, 336
132, 227
133, 5106
134, 180
135, 203
136, 447
137, 321
138, 656
139, 310
140, 173
141, 175
142, 174
143, 173
144, 173
145, 234
146, 177
147, 174
148, 288
149, 290
150, 1109
151, 213
152, 336
153, 245
154, 175
155, 403
156, 434
157, 216
158, 389
159, 752
160, 174
161, 183
162, 178
163, 281
164, 175
165, 207
166, 174
167, 174
168, 174
169, 179
170, 202
171, 225
172, 175
173, 176
174, 391
175, 188
176, 238
177, 496
178, 409
179, 280
180, 252
181, 653
182, 175
183, 424
184, 178
185, 174
186, 173
187, 174
188, 208
189, 221
190, 173
191, 174
192, 175
193, 175
194, 179
195, 174
196, 173
197, 174
198, 173
199, 173
200, 174
