1, 690
2, 282
3, 210
4, 218
5, 224
6, 350
7, 279
8, 209
9, 228
10, 302
11, 398
12, 362
13, 520
14, 240
15, 320
16, 223
17, 261
18, 223
19, 227
20, 220
21, 209
22, 229
23, 210
24, 210
25, 209
26, 218
27, 248
28, 888
29, 209
30, 224
31, 210
32, 408
33, 213
34, 213
35, 712
36, 359
37, 375
38, 390
39, 290
40, 217
41, 457
42, 246
43, 412
44, 253
45, 1199
46, 554
47, 279
48, 349
49, 291
50, 262
51, 369
52, 240
53, 244
54, 462
55, 503
56, 225
57, 209
58, 303
59, 210
60, 209
61, 215
62, 303
63, 246
64, 240
65, 272
66, 236
67, 209
68, 233
69, 409
70, 231
71, 307
72, 569
73, 314
74, 209
75, 254
76, 294
77, 584
78, 240
79, 222
80, 211
81, 246
82, 222
83, 265
84, 214
85, 211
86, 209
87, 638
88, 235
89, 276
90, 261
91, 304
92, 224
93, 339
94, 244
95, 219
96, 305
97, 215
98, 329
99, 302
100, 220
101, 210
102, 580
103, 211
104, 353
105, 219
106, 440
107, 380
108, 865
109, 209
110, 305
111, 240
112, 246
113, 221
114, 209
115, 214
116, 411
117, 217
118, 258
119, 303
120, 231
121, 217
122, 253
123, 325
124, 247
125, 236
126, 234
127, 389
128, 303
129, 211
130, 558
131, 300
132, 318
133, 324
134, 307
135, 555
136, 212
137, 210
138, 209
139, 210
140, 212
141, 276
142, 264
143, 210
144, 609
145, 228
146, 227
147, 213
148, 334
149, 295
150, 695
151, 217
152, 212
153, 231
154, 250
155, 309
156, 223
157, 218
158, 224
159, 252
160, 254
161, 307
162, 209
163, 210
164, 348
165, 210
166, 368
167, 292
168, 457
169, 213
170, 258
171, 267
172, 394
173, 222
174, 392
175, 211
176, 294
177, 277
178, 209
179, 216
180, 222
181, 565
182, 226
183, 210
184, 326
185, 488
186, 211
187, 247
188, 223
189, 236
190, 266
191, 389
192, 212
193, 212
194, 284
195, 359
196, 311
197, 214
198, 331
199, 219
200, 257
