1, 448
2, 277
3, 400
4, 263
5, 298
6, 292
7, 303
8, 406
9, 490
10, 525
11, 261
12, 266
13, 396
14, 371
15, 302
16, 464
17, 265
18, 268
19, 261
20, 279
21, 709
22, 407
23, 262
24, 262
25, 354
26, 276
27, 326
28, 313
29, 333
30, 267
31, 261
32, 369
33, 265
34, 262
35, 295
36, 445
37, 285
38, 554
39, 410
40, 267
41, 343
42, 265
43, 784
44, 273
45, 583
46, 377
47, 415
48, 311
49, 261
50, 598
51, 270
52, 267
53, 310
54, 261
55, 299
56, 598
57, 360
58, 297
59, 290
60, 325
61, 265
62, 391
63, 276
64, 277
65, 262
66, 554
67, 279
68, 406
69, 460
70, 262
71, 335
72, 381
73, 415
74, 270
75, 350
76, 273
77, 264
78, 262
79, 305
80, 344
81, 416
82, 265
83, 341
84, 326
85, 351
86, 263
87, 428
88, 356
89, 261
90, 278
91, 347
92, 360
93, 263
94, 549
95, 270
96, 263
97, 291
98, 261
99, 336
100, 261
101, 300
102, 335
103, 315
104, 515
105, 364
106, 593
107, 273
108, 351
109, 267
110, 470
111, 265
112, 261
113, 545
114, 805
115, 283
116, 294
117, 261
118, 499
119, 383
120, 265
121, 263
122, 320
123, 282
124, 273
125, 282
126, 265
127, 475
128, 1097
129, 284
130, 462
131, 538
132, 401
133, 337
134, 265
135, 319
136, 294
137, 326
138, 287
139, 303
140, 878
141, 362
142, 279
143, 354
144, 267
145, 273
146, 332
147, 288
148, 278
149, 312
150, 274
151, 270
152, 410
153, 263
154, 306
155, 501
156, 275
157, 302
158, 268
159, 469
160, 265
161, 301
162, 278
163, 332
164, 308
165, 432
166, 505
167, 423
168, 456
169, 370
170, 263
171, 321
172, 303
173, 344
174, 262
175, 261
176, 304
177, 275
178, 263
179, 283
180, 284
181, 260
182, 269
183, 645
184, 263
185, 267
186, 264
187, 263
188, 262
189, 313
190, 261
191, 296
192, 594
193, 369
194, 624
195, 627
196, 283
197, 338
198, 329
199, 538
200, 261
