1, 405
2, 315
3, 398
4, 288
5, 395
6, 615
7, 398
8, 287
9, 313
10, 455
11, 425
12, 335
13, 331
14, 285
15, 311
16, 304
17, 285
18, 332
19, 369
20, 362
21, 401
22, 1046
23, 408
24, 564
25, 320
26, 284
27, 290
28, 298
29, 292
30, 327
31, 286
32, 355
33, 305
34, 287
35, 286
36, 337
37, 419
38, 452
39, 285
40, 288
41, 293
42, 299
43, 322
44, 343
45, 361
46, 658
47, 290
48, 595
49, 356
50, 288
51, 405
52, 580
53, 435
54, 692
55, 433
56, 295
57, 286
58, 638
59, 320
60, 482
61, 293
62, 514
63, 288
64, 302
65, 429
66, 366
67, 289
68, 287
69, 291
70, 319
71, 325
72, 301
73, 287
74, 509
75, 391
76, 517
77, 446
78, 334
79, 317
80, 427
81, 299
82, 460
83, 357
84, 494
85, 286
86, 286
87, 305
88, 386
89, 286
90, 301
91, 378
92, 290
93, 286
94, 293
95, 300
96, 315
97, 286
98, 317
99, 417
100, 321
101, 285
102, 411
103, 285
104, 285
105, 424
106, 292
107, 304
108, 320
109, 285
110, 285
111, 412
112, 447
113, 308
114, 287
115, 358
116, 303
117, 284
118, 322
119, 507
120, 285
121, 493
122, 297
123, 378
124, 344
125, 1095
126, 284
127, 468
128, 411
129, 467
130, 352
131, 310
132, 290
133, 292
134, 497
135, 302
136, 423
137, 310
138, 398
139, 285
140, 290
141, 285
142, 294
143, 289
144, 285
145, 304
146, 285
147, 427
148, 287
149, 294
150, 285
151, 286
152, 493
153, 544
154, 395
155, 285
156, 304
157, 438
158, 293
159, 308
160, 305
161, 383
162, 387
163, 304
164, 286
165, 334
166, 326
167, 847
168, 287
169, 537
170, 299
171, 619
172, 309
173, 290
174, 302
175, 349
176, 409
177, 513
178, 332
179, 302
180, 350
181, 286
182, 289
183, 285
184, 285
185, 389
186, 284
187, 288
188, 288
189, 292
190, 285
191, 301
192, 292
193, 301
194, 285
195, 302
196, 409
197, 285
198, 386
199, 497
200, 300
