1, 374
2, 287
3, 292
4, 289
5, 353
6, 360
7, 300
8, 583
9, 304
10, 293
11, 362
12, 598
13, 288
14, 642
15, 287
16, 285
17, 285
18, 360
19, 367
20, 388
21, 548
22, 510
23, 295
24, 286
25, 333
26, 434
27, 696
28, 286
29, 649
30, 292
31, 540
32, 285
33, 309
34, 309
35, 294
36, 352
37, 300
38, 294
39, 347
40, 285
41, 285
42, 380
43, 297
44, 359
45, 285
46, 461
47, 286
48, 410
49, 298
50, 332
51, 454
52, 291
53, 454
54, 320
55, 289
56, 665
57, 285
58, 316
59, 286
60, 286
61, 287
62, 289
63, 301
64, 287
65, 380
66, 285
67, 1098
68, 288
69, 340
70, 325
71, 284
72, 287
73, 310
74, 337
75, 301
76, 290
77, 297
78, 335
79, 551
80, 297
81, 319
82, 403
83, 348
84, 307
85, 286
86, 291
87, 291
88, 286
89, 304
90, 285
91, 339
92, 344
93, 291
94, 303
95, 286
96, 331
97, 519
98, 343
99, 473
100, 339
101, 508
102, 362
103, 314
104, 285
105, 290
106, 310
107, 353
108, 291
109, 286
110, 515
111, 304
112, 369
113, 308
114, 288
115, 365
116, 286
117, 402
118, 287
119, 351
120, 297
121, 384
122, 350
123, 289
124, 338
125, 298
126, 298
127, 285
128, 340
129, 292
130, 287
131, 456
132, 285
133, 287
134, 621
135, 299
136, 374
137, 286
138, 349
139, 293
140, 391
141, 376
142, 1224
143, 287
144, 440
145, 316
146, 486
147, 286
148, 330
149, 286
150, 287
151, 286
152, 330
153, 405
154, 356
155, 345
156, 411
157, 309
158, 428
159, 287
160, 297
161, 353
162, 286
163, 331
164, 301
165, 501
166, 337
167, 372
168, 289
169, 314
170, 286
171, 640
172, 285
173, 331
174, 287
175, 301
176, 352
177, 325
178, 285
179, 286
180, 434
181, 287
182, 678
183, 418
184, 285
185, 335
186, 292
187, 339
188, 609
189, 390
190, 293
191, 781
192, 673
193, 362
194, 285
195, 457
196, 330
197, 288
198, 324
199, 390
200, 509
