1, 262
2, 262
3, 338
4, 275
5, 329
6, 721
7, 266
8, 261
9, 409
10, 263
11, 262
12, 261
13, 304
14, 381
15, 272
16, 512
17, 263
18, 266
19, 270
20, 262
21, 5997
22, 290
23, 264
24, 295
25, 261
26, 377
27, 262
28, 268
29, 265
30, 316
31, 312
32, 261
33, 285
34, 625
35, 2224
36, 262
37, 303
38, 958
39, 330
40, 280
41, 351
42, 306
43, 314
44, 261
45, 318
46, 375
47, 346
48, 850
49, 261
50, 407
51, 558
52, 300
53, 309
54, 675
55, 334
56, 512
57, 395
58, 427
59, 264
60, 266
61, 268
62, 395
63, 282
64, 328
65, 277
66, 267
67, 346
68, 265
69, 447
70, 261
71, 273
72, 261
73, 261
74, 268
75, 418
76, 262
77, 280
78, 261
79, 261
80, 324
81, 260
82, 426
83, 260
84, 263
85, 357
86, 322
87, 261
88, 303
89, 471
90, 319
91, 442
92, 268
93, 331
94, 275
95, 321
96, 280
97, 261
98, 354
99, 280
100, 260
101, 264
102, 424
103, 622
104, 261
105, 263
106, 308
107, 329
108, 260
109, 268
110, 349
111, 282
112, 461
113, 385
114, 264
115, 573
116, 265
117, 262
118, 335
119, 262
120, 279
121, 273
122, 261
123, 329
124, 562
125, 326
126, 538
127, 473
128, 394
129, 721
130, 324
131, 265
132, 284
133, 335
134, 321
135, 262
136, 289
137, 266
138, 611
139, 516
140, 327
141, 369
142, 267
143, 273
144, 265
145, 287
146, 262
147, 651
148, 348
149, 261
150, 261
151, 369
152, 486
153, 359
154, 327
155, 732
156, 337
157, 285
158, 275
159, 295
160, 266
161, 269
162, 262
163, 324
164, 265
165, 263
166, 260
167, 266
168, 1704
169, 546
170, 303
171, 460
172, 263
173, 278
174, 356
175, 262
176, 309
177, 263
178, 261
179, 270
180, 281
181, 268
182, 404
183, 314
184, 295
185, 261
186, 264
187, 343
188, 272
189, 659
190, 260
191, 301
192, 994
193, 313
194, 942
195, 333
196, 266
197, 261
198, 275
199, 337
200, 362
