1, 209
2, 243
3, 1228
4, 309
5, 287
6, 222
7, 314
8, 258
9, 283
10, 375
11, 217
12, 495
13, 209
14, 208
15, 223
16, 318
17, 287
18, 343
19, 373
20, 337
21, 208
22, 209
23, 208
24, 209
25, 471
26, 677
27, 239
28, 307
29, 691
30, 378
31, 208
32, 208
33, 266
34, 225
35, 423
36, 216
37, 216
38, 219
39, 586
40, 249
41, 240
42, 216
43, 319
44, 212
45, 249
46, 287
47, 210
48, 469
49, 213
50, 485
51, 211
52, 508
53, 232
54, 218
55, 227
56, 298
57, 245
58, 667
59, 253
60, 403
61, 226
62, 265
63, 221
64, 496
65, 221
66, 209
67, 263
68, 255
69, 209
70, 212
71, 237
72, 246
73, 208
74, 220
75, 221
76, 221
77, 336
78, 285
79, 214
80, 243
81, 252
82, 264
83, 401
84, 272
85, 251
86, 212
87, 336
88, 281
89, 212
90, 210
91, 439
92, 273
93, 210
94, 254
95, 470
96, 722
97, 275
98, 254
99, 208
100, 219
101, 212
102, 341
103, 253
104, 217
105, 208
106, 239
107, 228
108, 209
109, 209
110, 244
111, 516
112, 212
113, 243
114, 221
115, 212
116, 214
117, 232
118, 332
119, 487
120, 210
121, 220
122, 430
123, 242
124, 234
125, 209
126, 274
127, 259
128, 536
129, 453
130, 440
131, 336
132, 208
133, 212
134, 309
135, 209
136, 208
137, 209
138, 552
139, 265
140, 214
141, 210
142, 209
143, 247
144, 209
145, 252
146, 209
147, 209
148, 209
149, 233
150, 209
151, 208
152, 209
153, 209
154, 356
155, 251
156, 209
157, 209
158, 208
159, 318
160, 258
161, 396
162, 209
163, 547
164, 211
165, 712
166, 313
167, 208
168, 209
169, 208
170, 210
171, 217
172, 209
173, 523
174, 209
175, 239
176, 209
177, 409
178, 209
179, 240
180, 209
181, 237
182, 307
183, 209
184, 222
185, 210
186, 297
187, 418
188, 229
189, 742
190, 209
191, 215
192, 208
193, 256
194, 208
195, 211
196, 208
197, 224
198, 221
199, 209
200, 500
