1, 823
2, 3157
3, 786
4, 394
5, 253
6, 817
7, 223
8, 224
9, 240
10, 229
11, 323
12, 397
13, 357
14, 232
15, 223
16, 380
17, 355
18, 233
19, 359
20, 321
21, 260
22, 224
23, 344
24, 223
25, 236
26, 421
27, 223
28, 461
29, 248
30, 230
31, 279
32, 549
33, 262
34, 263
35, 444
36, 293
37, 365
38, 246
39, 414
40, 230
41, 287
42, 223
43, 241
44, 370
45, 390
46, 241
47, 339
48, 223
49, 640
50, 1358
51, 223
52, 223
53, 240
54, 365
55, 223
56, 224
57, 350
58, 346
59, 229
60, 357
61, 233
62, 472
63, 259
64, 224
65, 509
66, 340
67, 234
68, 301
69, 226
70, 262
71, 223
72, 222
73, 571
74, 281
75, 223
76, 293
77, 223
78, 223
79, 260
80, 330
81, 235
82, 226
83, 276
84, 252
85, 528
86, 294
87, 251
88, 229
89, 233
90, 392
91, 293
92, 223
93, 669
94, 224
95, 239
96, 338
97, 284
98, 355
99, 302
100, 455
101, 226
102, 235
103, 414
104, 666
105, 248
106, 224
107, 305
108, 272
109, 361
110, 389
111, 231
112, 234
113, 224
114, 234
115, 228
116, 266
117, 223
118, 251
119, 225
120, 338
121, 225
122, 407
123, 277
124, 329
125, 388
126, 223
127, 281
128, 1311
129, 226
130, 223
131, 223
132, 355
133, 249
134, 225
135, 338
136, 228
137, 296
138, 252
139, 258
140, 352
141, 225
142, 284
143, 406
144, 382
145, 241
146, 224
147, 389
148, 223
149, 374
150, 230
151, 443
152, 224
153, 224
154, 228
155, 399
156, 223
157, 295
158, 338
159, 317
160, 257
161, 232
162, 225
163, 274
164, 414
165, 285
166, 572
167, 960
168, 268
169, 342
170, 569
171, 251
172, 253
173, 229
174, 291
175, 2928
176, 226
177, 235
178, 223
179, 275
180, 383
181, 363
182, 565
183, 249
184, 228
185, 370
186, 223
187, 224
188, 232
189, 251
190, 595
191, 247
192, 355
193, 247
194, 230
195, 1117
196, 225
197, 452
198, 223
199, 223
200, 223
