1, 253
2, 426
3, 217
4, 263
5, 267
6, 208
7, 804
8, 225
9, 439
10, 279
11, 246
12, 208
13, 209
14, 645
15, 215
16, 215
17, 209
18, 208
19, 810
20, 218
21, 209
22, 268
23, 430
24, 225
25, 277
26, 261
27, 209
28, 288
29, 465
30, 228
31, 387
32, 211
33, 401
34, 209
35, 238
36, 258
37, 279
38, 207
39, 272
40, 208
41, 217
42, 326
43, 280
44, 207
45, 294
46, 260
47, 208
48, 638
49, 623
50, 210
51, 209
52, 292
53, 208
54, 313
55, 211
56, 252
57, 228
58, 209
59, 209
60, 224
61, 1417
62, 243
63, 209
64, 268
65, 208
66, 209
67, 221
68, 235
69, 274
70, 276
71, 383
72, 588
73, 3306
74, 317
75, 269
76, 208
77, 296
78, 434
79, 257
80, 256
81, 452
82, 214
83, 228
84, 753
85, 208
86, 354
87, 285
88, 225
89, 231
90, 242
91, 379
92, 222
93, 209
94, 282
95, 330
96, 235
97, 433
98, 299
99, 1795
100, 582
101, 209
102, 289
103, 209
104, 249
105, 207
106, 1080
107, 210
108, 213
109, 251
110, 331
111, 290
112, 461
113, 380
114, 263
115, 258
116, 294
117, 611
118, 207
119, 710
120, 344
121, 208
122, 208
123, 212
124, 207
125, 216
126, 209
127, 351
128, 210
129, 307
130, 246
131, 210
132, 223
133, 430
134, 848
135, 591
136, 214
137, 258
138, 214
139, 222
140, 213
141, 212
142, 233
143, 778
144, 229
145, 384
146, 238
147, 798
148, 296
149, 403
150, 228
151, 264
152, 217
153, 207
154, 299
155, 372
156, 209
157, 209
158, 209
159, 516
160, 241
161, 250
162, 230
163, 209
164, 262
165, 221
166, 365
167, 235
168, 229
169, 212
170, 286
171, 268
172, 229
173, 223
174, 250
175, 209
176, 353
177, 208
178, 499
179, 218
180, 214
181, 225
182, 278
183, 250
184, 214
185, 222
186, 218
187, 208
188, 209
189, 209
190, 212
191, 306
192, 636
193, 215
194, 218
195, 483
196, 208
197, 353
198, 702
199, 213
200, 218
