1, 403
2, 403
3, 406
4, 403
5, 433
6, 405
7, 439
8, 406
9, 408
10, 550
11, 421
12, 402
13, 547
14, 484
15, 402
16, 402
17, 403
18, 403
19, 403
20, 403
21, 403
22, 403
23, 403
24, 404
25, 403
26, 403
27, 403
28, 712
29, 426
30, 471
31, 403
32, 402
33, 403
34, 403
35, 405
36, 403
37, 403
38, 416
39, 403
40, 826
41, 431
42, 403
43, 404
44, 403
45, 403
46, 404
47, 403
48, 403
49, 403
50, 402
51, 403
52, 605
53, 403
54, 430
55, 403
56, 413
57, 404
58, 457
59, 403
60, 403
61, 463
62, 403
63, 748
64, 404
65, 403
66, 435
67, 403
68, 403
69, 403
70, 402
71, 407
72, 403
73, 403
74, 403
75, 404
76, 403
77, 425
78, 403
79, 405
80, 403
81, 403
82, 471
83, 403
84, 403
85, 635
86, 403
87, 403
88, 403
89, 591
90, 404
91, 403
92, 402
93, 403
94, 403
95, 404
96, 403
97, 445
98, 403
99, 411
100, 408
101, 451
102, 404
103, 457
104, 406
105, 403
106, 407
107, 403
108, 475
109, 1227
110, 403
111, 403
112, 403
113, 508
114, 404
115, 403
116, 403
117, 403
118, 403
119, 404
120, 449
