1, 401
2, 401
3, 401
4, 401
5, 472
6, 512
7, 409
8, 409
9, 401
10, 401
11, 401
12, 402
13, 423
14, 402
15, 401
16, 516
17, 403
18, 561
19, 524
20, 403
21, 513
22, 402
23, 401
24, 401
25, 401
26, 409
27, 458
28, 401
29, 413
30, 408
31, 434
32, 431
33, 664
34, 402
35, 403
36, 436
37, 402
38, 416
39, 401
40, 402
41, 401
42, 415
43, 405
44, 401
45, 402
46, 401
47, 401
48, 432
49, 478
50, 404
51, 402
52, 401
53, 402
54, 1179
55, 551
56, 401
57, 408
58, 402
59, 460
60, 402
61, 854
62, 418
63, 401
64, 401
65, 401
66, 402
67, 401
68, 403
69, 401
70, 401
71, 401
72, 401
73, 401
74, 500
75, 401
76, 402
77, 405
78, 401
79, 424
80, 410
81, 664
82, 401
83, 497
84, 411
85, 403
86, 401
87, 558
88, 811
89, 403
90, 401
91, 653
92, 584
93, 402
94, 401
95, 404
96, 417
97, 510
98, 403
99, 405
100, 457
101, 401
102, 655
103, 421
104, 410
105, 419
106, 401
107, 403
108, 402
109, 401
110, 401
111, 917
112, 403
113, 448
114, 425
115, 401
116, 402
117, 402
118, 402
119, 623
120, 409
