1, 692
2, 459
3, 449
4, 365
5, 321
6, 343
7, 657
8, 388
9, 355
10, 351
11, 417
12, 558
13, 334
14, 329
15, 502
16, 343
17, 324
18, 493
19, 388
20, 371
21, 452
22, 1208
23, 583
24, 535
25, 723
26, 382
27, 376
28, 350
29, 321
30, 321
31, 786
32, 332
33, 451
34, 506
35, 322
36, 381
37, 863
38, 333
39, 550
40, 1765
41, 396
42, 439
43, 443
44, 338
45, 320
46, 424
47, 557
48, 363
49, 603
50, 943
51, 332
52, 361
53, 788
54, 403
55, 713
56, 407
57, 324
58, 319
59, 337
60, 341
61, 354
62, 323
63, 336
64, 404
65, 431
66, 413
67, 618
68, 324
69, 506
70, 395
71, 400
72, 465
73, 417
74, 386
75, 438
76, 412
77, 749
78, 419
79, 371
80, 425
81, 372
82, 366
83, 358
84, 391
85, 1091
86, 344
87, 624
88, 320
89, 394
90, 456
91, 434
92, 500
93, 450
94, 321
95, 320
96, 452
97, 496
98, 387
99, 350
100, 390
101, 542
102, 329
103, 370
104, 631
105, 480
106, 348
107, 1126
108, 447
109, 644
110, 396
111, 394
112, 477
113, 354
114, 531
115, 1437
116, 429
117, 957
118, 486
119, 471
120, 667
