1, 512
2, 364
3, 355
4, 353
5, 323
6, 321
7, 322
8, 378
9, 400
10, 679
11, 320
12, 715
13, 386
14, 322
15, 405
16, 330
17, 378
18, 514
19, 690
20, 324
21, 454
22, 378
23, 348
24, 471
25, 326
26, 443
27, 319
28, 856
29, 381
30, 509
31, 342
32, 732
33, 322
34, 370
35, 398
36, 396
37, 319
38, 665
39, 572
40, 352
41, 367
42, 332
43, 469
44, 377
45, 324
46, 571
47, 542
48, 391
49, 626
50, 430
51, 766
52, 395
53, 393
54, 782
55, 587
56, 521
57, 349
58, 447
59, 325
60, 374
61, 365
62, 319
63, 457
64, 670
65, 508
66, 330
67, 475
68, 362
69, 707
70, 384
71, 378
72, 394
73, 416
74, 479
75, 355
76, 329
77, 669
78, 375
79, 600
80, 581
81, 434
82, 380
83, 396
84, 321
85, 915
86, 700
87, 346
88, 334
89, 371
90, 511
91, 536
92, 326
93, 1033
94, 859
95, 383
96, 543
97, 639
98, 986
99, 319
100, 489
101, 378
102, 391
103, 416
104, 1125
105, 330
106, 493
107, 727
108, 951
109, 641
110, 335
111, 341
112, 485
113, 532
114, 527
115, 583
116, 534
117, 328
118, 539
119, 320
120, 454
