1, 319
2, 165
3, 161
4, 154
5, 315
6, 163
7, 171
8, 162
9, 154
10, 154
11, 155
12, 154
13, 154
14, 154
15, 154
16, 154
17, 154
18, 153
19, 180
20, 156
21, 608
22, 258
23, 164
24, 170
25, 252
26, 217
27, 219
28, 465
29, 236
30, 176
31, 317
32, 179
33, 156
34, 165
35, 154
36, 157
37, 156
38, 234
39, 223
40, 154
41, 189
42, 157
43, 178
44, 155
45, 154
46, 161
47, 154
48, 378
49, 205
50, 291
51, 242
52, 258
53, 169
54, 961
55, 172
56, 193
57, 219
58, 353
59, 317
60, 175
61, 269
62, 214
63, 155
64, 262
65, 154
66, 316
67, 180
68, 216
69, 181
70, 210
71, 165
72, 157
73, 190
74, 155
75, 254
76, 169
77, 300
78, 287
79, 168
80, 156
81, 154
82, 154
83, 155
84, 158
85, 301
86, 154
87, 164
88, 153
89, 155
90, 154
91, 296
92, 246
93, 437
94, 446
95, 163
96, 171
97, 199
98, 173
99, 332
100, 284
101, 236
102, 155
103, 153
104, 153
105, 154
106, 178
107, 154
108, 153
109, 225
110, 202
111, 448
112, 154
113, 180
114, 195
115, 2329
116, 155
117, 199
118, 191
119, 155
120, 154
121, 154
122, 208
123, 162
124, 202
125, 154
126, 153
127, 324
128, 154
129, 155
130, 270
131, 242
132, 188
133, 157
134, 155
135, 156
136, 159
137, 154
138, 157
139, 205
140, 172
141, 203
142, 249
143, 155
144, 158
145, 220
146, 161
147, 156
148, 154
149, 293
150, 162
151, 154
152, 156
153, 154
154, 155
155, 208
156, 220
157, 154
158, 153
159, 155
160, 186
161, 433
162, 297
163, 207
164, 252
165, 262
166, 196
167, 162
168, 171
169, 294
170, 153
171, 155
172, 168
173, 171
174, 158
175, 183
176, 167
177, 154
178, 154
179, 160
180, 156
181, 154
182, 156
183, 159
184, 195
185, 175
186, 173
187, 295
188, 164
189, 304
190, 207
191, 314
192, 169
193, 486
194, 178
195, 165
196, 161
197, 188
198, 154
199, 156
200, 161
201, 194
202, 168
203, 242
204, 154
205, 401
206, 199
207, 156
208, 183
209, 456
210, 160
211, 312
212, 202
213, 262
214, 153
215, 155
216, 154
217, 153
218, 285
219, 206
220, 222
221, 196
222, 171
223, 174
224, 285
225, 1145
226, 157
227, 156
228, 547
229, 154
230, 159
231, 231
232, 716
233, 233
234, 249
235, 749
236, 649
237, 187
238, 158
239, 154
240, 171
241, 155
242, 188
243, 357
244, 170
245, 154
246, 154
247, 353
248, 160
249, 245
250, 154
