1, 277
2, 163
3, 166
4, 384
5, 215
6, 185
7, 191
8, 165
9, 187
10, 350
11, 162
12, 208
13, 163
14, 274
15, 182
16, 163
17, 162
18, 163
19, 163
20, 162
21, 169
22, 163
23, 162
24, 163
25, 165
26, 163
27, 163
28, 225
29, 174
30, 162
31, 162
32, 162
33, 162
34, 184
35, 170
36, 167
37, 258
38, 167
39, 172
40, 166
41, 164
42, 168
43, 194
44, 321
45, 183
46, 209
47, 190
48, 354
49, 298
50, 391
51, 257
52, 605
53, 192
54, 162
55, 162
56, 163
57, 190
58, 287
59, 247
60, 163
61, 293
62, 206
63, 384
64, 184
65, 167
66, 163
67, 172
68, 323
69, 164
70, 162
71, 163
72, 168
73, 163
74, 162
75, 162
76, 162
77, 179
78, 316
79, 163
80, 163
81, 283
82, 164
83, 243
84, 196
85, 164
86, 170
87, 174
88, 185
89, 227
90, 163
91, 233
92, 164
93, 179
94, 223
95, 177
96, 166
97, 207
98, 403
99, 163
100, 179
101, 162
102, 169
103, 200
104, 164
105, 162
106, 163
107, 164
108, 321
109, 199
110, 212
111, 190
112, 190
113, 213
114, 178
115, 239
116, 224
117, 165
118, 518
119, 351
120, 740
121, 450
122, 445
123, 163
124, 234
125, 168
126, 355
127, 164
128, 386
129, 173
130, 411
131, 210
132, 177
133, 280
134, 162
135, 210
136, 209
137, 167
138, 180
139, 263
140, 325
141, 185
142, 240
143, 355
144, 196
145, 283
146, 185
147, 166
148, 250
149, 253
150, 163
151, 163
152, 164
153, 258
154, 232
155, 163
156, 162
157, 165
158, 162
159, 329
160, 162
161, 248
162, 262
163, 459
164, 216
165, 299
166, 601
167, 316
168, 241
169, 163
170, 259
171, 307
172, 208
173, 187
174, 349
175, 205
176, 163
177, 175
178, 238
179, 211
180, 224
181, 220
182, 163
183, 163
184, 162
185, 163
186, 164
187, 162
188, 163
189, 162
190, 164
191, 166
192, 162
193, 257
194, 240
195, 163
196, 163
197, 162
198, 162
199, 253
200, 181
201, 164
202, 268
203, 289
204, 242
205, 162
206, 162
207, 202
208, 165
209, 184
210, 163
211, 163
212, 163
213, 162
214, 166
215, 173
216, 163
217, 162
218, 163
219, 217
220, 313
221, 442
222, 163
223, 488
224, 387
225, 231
226, 191
227, 162
228, 163
229, 162
230, 163
231, 162
232, 162
233, 162
234, 163
235, 360
236, 203
237, 162
238, 190
239, 174
240, 165
241, 344
242, 1135
243, 162
244, 163
245, 166
246, 165
247, 162
248, 162
249, 163
250, 163
