1, 201
2, 203
3, 556
4, 213
5, 266
6, 150
7, 249
8, 146
9, 146
10, 146
11, 146
12, 146
13, 146
14, 149
15, 156
16, 165
17, 158
18, 243
19, 467
20, 263
21, 156
22, 227
23, 334
24, 248
25, 248
26, 380
27, 367
28, 190
29, 148
30, 146
31, 174
32, 184
33, 230
34, 220
35, 149
36, 544
37, 189
38, 217
39, 182
40, 146
41, 279
42, 156
43, 147
44, 320
45, 146
46, 148
47, 146
48, 146
49, 182
50, 230
51, 378
52, 655
53, 285
54, 307
55, 162
56, 146
57, 247
58, 157
59, 168
60, 340
61, 147
62, 162
63, 148
64, 224
65, 186
66, 148
67, 149
68, 213
69, 351
70, 202
71, 247
72, 294
73, 326
74, 247
75, 444
76, 150
77, 263
78, 194
79, 166
80, 146
81, 149
82, 150
83, 145
84, 149
85, 212
86, 148
87, 156
88, 147
89, 146
90, 146
91, 146
92, 147
93, 145
94, 146
95, 147
96, 146
97, 146
98, 224
99, 150
100, 246
101, 225
102, 146
103, 208
104, 192
105, 160
106, 146
107, 146
108, 147
109, 145
110, 200
111, 173
112, 145
113, 147
114, 179
115, 191
116, 146
117, 180
118, 146
119, 148
120, 146
121, 149
122, 145
123, 147
124, 148
125, 203
126, 146
127, 145
128, 151
129, 146
130, 148
131, 146
132, 147
133, 146
134, 311
135, 150
136, 148
137, 146
138, 146
139, 251
140, 197
141, 146
142, 147
143, 146
144, 146
145, 146
146, 145
147, 146
148, 146
149, 159
150, 147
151, 298
152, 256
153, 179
154, 146
155, 404
156, 217
157, 148
158, 149
159, 151
160, 187
161, 146
162, 147
163, 146
164, 149
165, 292
166, 669
167, 251
168, 145
169, 223
170, 173
171, 230
172, 1093
173, 336
174, 209
175, 263
176, 357
177, 180
178, 364
179, 177
180, 175
181, 151
182, 147
183, 147
184, 183
185, 160
186, 217
187, 145
188, 150
189, 159
190, 399
191, 146
192, 146
193, 146
194, 148
195, 227
196, 229
197, 197
198, 232
199, 177
200, 146
201, 154
202, 146
203, 147
204, 308
205, 476
206, 206
207, 147
208, 169
209, 227
210, 148
211, 211
212, 227
213, 146
214, 147
215, 146
216, 198
217, 217
218, 154
219, 229
220, 222
221, 146
222, 146
223, 146
224, 148
225, 274
226, 271
227, 172
228, 152
229, 150
230, 177
231, 190
232, 146
233, 145
234, 188
235, 593
236, 218
237, 146
238, 153
239, 168
240, 168
241, 153
242, 192
243, 189
244, 150
245, 177
246, 227
247, 239
248, 312
249, 174
250, 148
