1, 257
2, 1573
3, 224
4, 175
5, 244
6, 179
7, 197
8, 206
9, 148
10, 158
11, 153
12, 332
13, 220
14, 147
15, 146
16, 152
17, 181
18, 272
19, 146
20, 149
21, 201
22, 170
23, 146
24, 175
25, 209
26, 147
27, 441
28, 275
29, 146
30, 146
31, 147
32, 146
33, 146
34, 149
35, 146
36, 145
37, 147
38, 146
39, 146
40, 146
41, 146
42, 146
43, 146
44, 151
45, 186
46, 146
47, 394
48, 291
49, 390
50, 262
51, 191
52, 633
53, 185
54, 178
55, 207
56, 456
57, 339
58, 443
59, 222
60, 165
61, 364
62, 173
63, 147
64, 179
65, 243
66, 148
67, 185
68, 168
69, 337
70, 219
71, 191
72, 153
73, 264
74, 255
75, 147
76, 229
77, 166
78, 146
79, 219
80, 409
81, 154
82, 147
83, 146
84, 146
85, 298
86, 192
87, 1509
88, 646
89, 154
90, 260
91, 211
92, 152
93, 161
94, 193
95, 190
96, 335
97, 211
98, 147
99, 158
100, 340
101, 201
102, 342
103, 288
104, 147
105, 196
106, 290
107, 200
108, 234
109, 211
110, 241
111, 200
112, 1209
113, 201
114, 199
115, 151
116, 168
117, 147
118, 150
119, 147
120, 149
121, 146
122, 148
123, 149
124, 146
125, 145
126, 146
127, 146
128, 147
129, 235
130, 186
131, 219
132, 146
133, 184
134, 256
135, 149
136, 154
137, 146
138, 162
139, 197
140, 271
141, 220
142, 1101
143, 151
144, 380
145, 146
146, 146
147, 148
148, 146
149, 147
150, 147
151, 194
152, 146
153, 172
154, 189
155, 147
156, 147
157, 148
158, 559
159, 146
160, 204
161, 313
162, 195
163, 149
164, 166
165, 232
166, 526
167, 168
168, 151
169, 182
170, 146
171, 155
172, 153
173, 210
174, 149
175, 429
176, 146
177, 146
178, 156
179, 147
180, 146
181, 151
182, 158
183, 171
184, 146
185, 151
186, 171
187, 173
188, 159
189, 178
190, 233
191, 358
192, 164
193, 173
194, 439
195, 172
196, 469
197, 223
198, 293
199, 174
200, 147
201, 189
202, 154
203, 439
204, 1230
205, 187
206, 272
207, 220
208, 453
209, 215
210, 250
211, 398
212, 234
213, 249
214, 346
215, 543
216, 371
217, 962
218, 173
219, 182
220, 331
221, 343
222, 146
223, 146
224, 146
225, 150
226, 150
227, 147
228, 148
229, 148
230, 148
231, 223
232, 269
233, 170
234, 164
235, 633
236, 153
237, 206
238, 208
239, 147
240, 242
241, 150
242, 257
243, 444
244, 261
245, 245
246, 152
247, 159
248, 748
249, 761
250, 214
