1, 250
2, 150
3, 185
4, 146
5, 146
6, 205
7, 150
8, 146
9, 234
10, 152
11, 159
12, 238
13, 170
14, 148
15, 156
16, 215
17, 1179
18, 167
19, 197
20, 201
21, 228
22, 197
23, 184
24, 380
25, 146
26, 152
27, 194
28, 191
29, 229
30, 250
31, 199
32, 232
33, 330
34, 307
35, 150
36, 166
37, 179
38, 176
39, 147
40, 149
41, 147
42, 386
43, 162
44, 812
45, 255
46, 229
47, 258
48, 152
49, 147
50, 146
51, 203
52, 162
53, 150
54, 146
55, 319
56, 146
57, 146
58, 146
59, 146
60, 156
61, 146
62, 146
63, 146
64, 145
65, 146
66, 146
67, 190
68, 146
69, 146
70, 146
71, 148
72, 170
73, 154
74, 145
75, 148
76, 147
77, 158
78, 146
79, 149
80, 204
81, 146
82, 218
83, 247
84, 188
85, 161
86, 3496
87, 207
88, 306
89, 353
90, 215
91, 163
92, 289
93, 339
94, 208
95, 151
96, 146
97, 164
98, 147
99, 224
100, 259
101, 186
102, 146
103, 291
104, 146
105, 280
106, 146
107, 145
108, 146
109, 146
110, 147
111, 199
112, 150
113, 146
114, 146
115, 146
116, 146
117, 146
118, 146
119, 146
120, 147
121, 146
122, 146
123, 200
124, 1474
125, 207
126, 187
127, 161
128, 146
129, 268
130, 204
131, 147
132, 147
133, 304
134, 156
135, 210
136, 146
137, 180
138, 474
139, 273
140, 279
141, 146
142, 265
143, 153
144, 146
145, 301
146, 204
147, 245
148, 150
149, 145
150, 147
151, 149
152, 145
153, 146
154, 180
155, 199
156, 589
157, 152
158, 278
159, 146
160, 157
161, 188
162, 153
163, 147
164, 147
165, 228
166, 146
167, 219
168, 216
169, 261
170, 149
171, 149
172, 148
173, 154
174, 220
175, 248
176, 3278
177, 194
178, 207
179, 290
180, 146
181, 146
182, 298
183, 250
184, 331
185, 214
186, 151
187, 163
188, 147
189, 146
190, 174
191, 336
192, 499
193, 256
194, 150
195, 732
196, 622
197, 345
198, 155
199, 157
200, 240
201, 155
202, 230
203, 271
204, 147
205, 159
206, 196
207, 154
208, 154
209, 146
210, 146
211, 178
212, 149
213, 271
214, 178
215, 276
216, 159
217, 146
218, 177
219, 148
220, 185
221, 158
222, 147
223, 404
224, 197
225, 221
226, 1188
227, 264
228, 410
229, 163
230, 146
231, 146
232, 147
233, 181
234, 294
235, 154
236, 180
237, 145
238, 219
239, 189
240, 195
241, 146
242, 146
243, 169
244, 494
245, 177
246, 155
247, 514
248, 451
249, 200
250, 410
