1, 163
2, 614
3, 162
4, 224
5, 169
6, 253
7, 163
8, 163
9, 163
10, 197
11, 455
12, 320
13, 223
14, 247
15, 162
16, 214
17, 337
18, 288
19, 391
20, 163
21, 162
22, 162
23, 173
24, 302
25, 613
26, 161
27, 327
28, 176
29, 230
30, 170
31, 710
32, 206
33, 164
34, 165
35, 259
36, 162
37, 168
38, 163
39, 162
40, 179
41, 164
42, 257
43, 162
44, 162
45, 195
46, 162
47, 234
48, 211
49, 163
50, 163
51, 164
52, 309
53, 225
54, 166
55, 287
56, 183
57, 163
58, 165
59, 279
60, 178
61, 165
62, 173
63, 283
64, 164
65, 201
66, 172
67, 168
68, 231
69, 183
70, 213
71, 172
72, 164
73, 176
74, 194
75, 188
76, 219
77, 164
78, 213
79, 163
80, 487
81, 165
82, 162
83, 290
84, 175
85, 192
86, 163
87, 167
88, 170
89, 170
90, 163
91, 235
92, 162
93, 162
94, 168
95, 163
96, 240
97, 162
98, 184
99, 162
100, 165
101, 678
102, 519
103, 163
104, 165
105, 193
106, 253
107, 202
108, 301
109, 203
110, 163
111, 175
112, 189
113, 209
114, 162
115, 180
116, 165
117, 165
118, 172
119, 445
120, 247
121, 165
122, 162
123, 170
124, 204
125, 162
126, 164
127, 177
128, 163
129, 228
130, 249
131, 185
132, 204
133, 188
134, 398
135, 223
136, 254
137, 184
138, 198
139, 162
140, 214
141, 171
142, 228
143, 163
144, 166
145, 163
146, 177
147, 292
148, 205
149, 193
150, 188
151, 165
152, 164
153, 266
154, 250
155, 163
156, 174
157, 168
158, 163
159, 284
160, 163
161, 233
162, 221
163, 205
164, 165
165, 165
166, 185
167, 175
168, 162
169, 202
170, 180
171, 162
172, 162
173, 163
174, 193
175, 210
176, 165
177, 179
178, 165
179, 162
180, 205
181, 299
182, 171
183, 163
184, 180
185, 162
186, 162
187, 162
188, 216
189, 163
190, 170
191, 163
192, 176
193, 197
194, 222
195, 319
196, 169
197, 163
198, 165
199, 166
200, 169
201, 172
202, 189
203, 258
204, 163
205, 163
206, 172
207, 203
208, 165
209, 232
210, 183
211, 257
212, 165
213, 173
214, 164
215, 166
216, 296
217, 338
218, 194
219, 186
220, 171
221, 164
222, 163
223, 177
224, 172
225, 213
226, 250
227, 179
228, 162
229, 237
230, 178
231, 164
232, 244
233, 201
234, 206
235, 242
236, 193
237, 164
238, 162
239, 163
240, 269
241, 167
242, 210
243, 162
244, 315
245, 204
246, 182
247, 176
248, 167
249, 166
250, 253
