1, 177
2, 149
3, 177
4, 148
5, 294
6, 180
7, 147
8, 195
9, 255
10, 147
11, 146
12, 146
13, 147
14, 146
15, 146
16, 237
17, 242
18, 248
19, 262
20, 183
21, 148
22, 146
23, 147
24, 146
25, 147
26, 146
27, 146
28, 146
29, 149
30, 202
31, 148
32, 146
33, 146
34, 146
35, 146
36, 391
37, 291
38, 243
39, 146
40, 147
41, 146
42, 146
43, 146
44, 146
45, 147
46, 181
47, 149
48, 157
49, 198
50, 152
51, 669
52, 180
53, 158
54, 147
55, 147
56, 147
57, 217
58, 294
59, 146
60, 147
61, 312
62, 840
63, 149
64, 193
65, 257
66, 252
67, 1819
68, 218
69, 163
70, 463
71, 159
72, 168
73, 169
74, 176
75, 283
76, 934
77, 146
78, 178
79, 169
80, 249
81, 146
82, 174
83, 167
84, 146
85, 147
86, 213
87, 146
88, 152
89, 147
90, 154
91, 315
92, 419
93, 477
94, 155
95, 174
96, 161
97, 161
98, 180
99, 240
100, 183
101, 220
102, 333
103, 152
104, 164
105, 178
106, 274
107, 168
108, 186
109, 147
110, 148
111, 316
112, 151
113, 147
114, 148
115, 171
116, 688
117, 636
118, 452
119, 388
120, 413
121, 160
122, 217
123, 158
124, 325
125, 302
126, 362
127, 176
128, 154
129, 197
130, 799
131, 150
132, 411
133, 303
134, 366
135, 306
136, 146
137, 147
138, 147
139, 147
140, 146
141, 146
142, 147
143, 147
144, 146
145, 147
146, 148
147, 178
148, 225
149, 148
150, 212
151, 185
152, 147
153, 154
154, 148
155, 289
156, 147
157, 182
158, 225
159, 146
160, 148
161, 459
162, 183
163, 439
164, 211
165, 167
166, 218
167, 451
168, 147
169, 159
170, 146
171, 146
172, 146
173, 146
174, 146
175, 148
176, 146
177, 147
178, 182
179, 358
180, 147
181, 150
182, 193
183, 377
184, 252
185, 253
186, 240
187, 346
188, 218
189, 151
190, 572
191, 353
192, 306
193, 381
194, 149
195, 158
196, 185
197, 164
198, 179
199, 510
200, 574
201, 187
202, 383
203, 627
204, 229
205, 217
206, 352
207, 199
208, 248
209, 251
210, 212
211, 527
212, 465
213, 178
214, 273
215, 214
216, 173
217, 204
218, 164
219, 290
220, 211
221, 236
222, 413
223, 267
224, 173
225, 179
226, 162
227, 147
228, 197
229, 197
230, 275
231, 291
232, 347
233, 369
234, 800
235, 275
236, 595
237, 360
238, 221
239, 342
240, 213
241, 259
242, 173
243, 148
244, 192
245, 185
246, 277
247, 245
248, 153
249, 173
250, 247
