1, 189
2, 198
3, 686
4, 170
5, 166
6, 150
7, 152
8, 163
9, 152
10, 280
11, 157
12, 146
13, 148
14, 214
15, 532
16, 150
17, 148
18, 146
19, 151
20, 146
21, 221
22, 325
23, 163
24, 266
25, 273
26, 174
27, 166
28, 146
29, 146
30, 192
31, 223
32, 282
33, 431
34, 147
35, 147
36, 150
37, 147
38, 556
39, 152
40, 146
41, 146
42, 646
43, 155
44, 200
45, 376
46, 230
47, 305
48, 147
49, 191
50, 321
51, 194
52, 146
53, 209
54, 232
55, 170
56, 186
57, 228
58, 215
59, 200
60, 607
61, 149
62, 162
63, 215
64, 162
65, 164
66, 174
67, 204
68, 594
69, 146
70, 149
71, 199
72, 160
73, 263
74, 148
75, 146
76, 183
77, 310
78, 302
79, 296
80, 177
81, 148
82, 201
83, 224
84, 280
85, 146
86, 176
87, 158
88, 153
89, 145
90, 146
91, 146
92, 146
93, 154
94, 146
95, 825
96, 163
97, 242
98, 193
99, 146
100, 259
101, 162
102, 147
103, 183
104, 163
105, 168
106, 155
107, 177
108, 149
109, 253
110, 146
111, 148
112, 642
113, 570
114, 187
115, 228
116, 949
117, 148
118, 162
119, 287
120, 164
121, 377
122, 151
123, 162
124, 247
125, 388
126, 148
127, 147
128, 223
129, 271
130, 258
131, 150
132, 147
133, 237
134, 495
135, 163
136, 258
137, 236
138, 162
139, 232
140, 181
141, 151
142, 147
143, 146
144, 148
145, 195
146, 284
147, 236
148, 382
149, 153
150, 162
151, 175
152, 146
153, 147
154, 200
155, 156
156, 147
157, 153
158, 174
159, 246
160, 241
161, 170
162, 146
163, 146
164, 148
165, 147
166, 160
167, 191
168, 248
169, 146
170, 153
171, 152
172, 184
173, 262
174, 257
175, 146
176, 146
177, 178
178, 146
179, 147
180, 146
181, 146
182, 157
183, 147
184, 180
185, 146
186, 189
187, 146
188, 147
189, 167
190, 196
191, 146
192, 149
193, 146
194, 601
195, 153
196, 146
197, 167
198, 148
199, 158
200, 179
201, 147
202, 149
203, 185
204, 188
205, 243
206, 392
207, 200
208, 388
209, 146
210, 153
211, 146
212, 206
213, 209
214, 197
215, 162
216, 148
217, 185
218, 220
219, 385
220, 517
221, 456
222, 168
223, 180
224, 401
225, 214
226, 148
227, 162
228, 148
229, 176
230, 163
231, 256
232, 435
233, 188
234, 195
235, 222
236, 149
237, 207
238, 167
239, 150
240, 148
241, 167
242, 161
243, 191
244, 146
245, 146
246, 299
247, 250
248, 192
249, 333
250, 193
