1, 173
2, 199
3, 186
4, 195
5, 157
6, 155
7, 165
8, 237
9, 208
10, 155
11, 155
12, 430
13, 220
14, 155
15, 188
16, 155
17, 1836
18, 420
19, 276
20, 329
21, 257
22, 283
23, 378
24, 254
25, 154
26, 213
27, 168
28, 203
29, 194
30, 262
31, 174
32, 183
33, 380
34, 177
35, 250
36, 287
37, 466
38, 247
39, 197
40, 154
41, 154
42, 156
43, 155
44, 189
45, 172
46, 153
47, 155
48, 155
49, 189
50, 154
51, 154
52, 237
53, 249
54, 259
55, 482
56, 154
57, 155
58, 185
59, 154
60, 154
61, 155
62, 154
63, 166
64, 154
65, 187
66, 165
67, 154
68, 154
69, 154
70, 165
71, 154
72, 156
73, 292
74, 328
75, 280
76, 166
77, 166
78, 291
79, 223
80, 190
81, 184
82, 160
83, 154
84, 219
85, 240
86, 185
87, 457
88, 160
89, 209
90, 155
91, 178
92, 203
93, 341
94, 192
95, 367
96, 200
97, 160
98, 672
99, 192
100, 158
101, 160
102, 154
103, 186
104, 157
105, 192
106, 179
107, 159
108, 154
109, 155
110, 174
111, 154
112, 169
113, 169
114, 154
115, 236
116, 154
117, 154
118, 154
119, 177
120, 163
121, 168
122, 155
123, 154
124, 218
125, 154
126, 154
127, 154
128, 154
129, 237
130, 155
131, 241
132, 208
133, 203
134, 155
135, 154
136, 212
137, 368
138, 164
139, 154
140, 303
141, 154
142, 226
143, 324
144, 155
145, 158
146, 153
147, 236
148, 156
149, 157
150, 201
151, 190
152, 214
153, 201
154, 155
155, 200
156, 290
157, 168
158, 316
159, 207
160, 419
161, 158
162, 287
163, 165
164, 155
165, 166
166, 348
167, 182
168, 206
169, 271
170, 154
171, 157
172, 154
173, 197
174, 158
175, 154
176, 261
177, 165
178, 155
179, 154
180, 163
181, 813
182, 264
183, 153
184, 155
185, 221
186, 160
187, 154
188, 156
189, 231
190, 154
191, 157
192, 162
193, 154
194, 157
195, 154
196, 155
197, 154
198, 154
199, 199
200, 167
201, 379
202, 183
203, 154
204, 186
205, 250
206, 186
207, 156
208, 153
209, 154
210, 154
211, 180
212, 153
213, 154
214, 154
215, 157
216, 354
217, 167
218, 216
219, 247
220, 249
221, 306
222, 256
223, 350
224, 160
225, 427
226, 242
227, 202
228, 163
229, 153
230, 154
231, 173
232, 159
233, 443
234, 154
235, 370
236, 256
237, 198
238, 155
239, 154
240, 251
241, 154
242, 172
243, 356
244, 255
245, 164
246, 262
247, 363
248, 160
249, 173
250, 156
