1, 644
2, 646
3, 644
4, 644
5, 644
6, 645
7, 835
8, 670
9, 675
10, 651
11, 644
12, 820
13, 644
14, 644
15, 644
16, 662
17, 654
18, 676
19, 644
20, 660
21, 644
22, 644
23, 644
24, 645
25, 668
26, 644
27, 644
28, 767
29, 645
30, 645
31, 644
32, 644
33, 1072
34, 644
35, 649
36, 644
37, 644
38, 645
39, 744
40, 661
41, 645
42, 644
43, 659
44, 740
45, 644
46, 704
47, 656
48, 644
49, 781
50, 952
51, 655
52, 644
53, 644
54, 644
55, 644
56, 1177
57, 1330
58, 1139
59, 834
60, 644
61, 870
62, 646
63, 719
64, 644
65, 644
66, 679
67, 652
68, 645
69, 645
70, 644
