1, 544
2, 732
3, 537
4, 537
5, 537
6, 721
7, 942
8, 537
9, 781
10, 537
11, 574
12, 538
13, 536
14, 542
15, 645
16, 710
17, 806
18, 740
19, 553
20, 554
21, 537
22, 571
23, 583
24, 537
25, 540
26, 708
27, 537
28, 540
29, 537
30, 539
31, 944
32, 1881
33, 567
34, 785
35, 538
36, 638
37, 685
38, 542
39, 538
40, 537
41, 670
42, 536
43, 760
44, 1206
45, 553
46, 621
47, 829
48, 605
49, 542
50, 547
51, 537
52, 604
53, 1063
54, 538
55, 538
56, 538
57, 537
58, 538
59, 537
60, 539
61, 538
62, 537
63, 563
64, 705
65, 630
66, 776
67, 609
68, 539
69, 741
70, 730
