1, 1484
2, 657
3, 654
4, 536
5, 539
6, 597
7, 1165
8, 668
9, 537
10, 646
11, 657
12, 646
13, 540
14, 537
15, 569
16, 540
17, 538
18, 787
19, 536
20, 779
21, 542
22, 536
23, 584
24, 538
25, 537
26, 536
27, 744
28, 548
29, 536
30, 538
31, 552
32, 675
33, 582
34, 705
35, 536
36, 536
37, 560
38, 550
39, 536
40, 675
41, 1038
42, 550
43, 550
44, 591
45, 549
46, 550
47, 545
48, 536
49, 601
50, 1046
51, 1241
52, 569
53, 537
54, 596
55, 579
56, 537
57, 543
58, 1103
59, 547
60, 600
61, 651
62, 610
63, 536
64, 743
65, 559
66, 537
67, 646
68, 722
69, 536
70, 536
