1, 658
2, 643
3, 767
4, 1078
5, 644
6, 643
7, 644
8, 656
9, 644
10, 885
11, 677
12, 643
13, 643
14, 645
15, 658
16, 647
17, 1355
18, 645
19, 643
20, 643
21, 658
22, 845
23, 652
24, 655
25, 690
26, 644
27, 645
28, 644
29, 643
30, 644
31, 674
32, 645
33, 773
34, 645
35, 754
36, 643
37, 1667
38, 715
39, 690
40, 677
41, 644
42, 648
43, 683
44, 645
45, 644
46, 689
47, 644
48, 643
49, 1179
50, 668
51, 684
52, 762
53, 774
54, 650
55, 1102
56, 713
57, 820
58, 643
59, 737
60, 644
61, 697
62, 644
63, 656
64, 644
65, 643
66, 643
67, 668
68, 885
69, 718
70, 677
