1, 593
2, 725
3, 967
4, 842
5, 404
6, 530
7, 451
8, 488
9, 409
10, 466
11, 468
12, 409
13, 442
14, 478
15, 469
16, 404
17, 728
18, 479
19, 671
20, 858
21, 405
22, 755
23, 409
24, 615
25, 404
26, 725
27, 438
28, 643
29, 597
30, 404
31, 405
32, 560
33, 417
34, 606
35, 412
36, 415
37, 458
38, 574
39, 554
40, 407
41, 605
42, 414
43, 405
44, 1066
45, 433
46, 427
47, 408
48, 428
49, 546
50, 957
51, 820
52, 1297
53, 1314
54, 690
55, 408
56, 464
57, 556
58, 437
59, 453
60, 547
61, 404
62, 896
63, 1265
64, 419
65, 970
66, 1133
67, 553
68, 436
69, 512
70, 403
