1, 554
2, 521
3, 614
4, 465
5, 769
6, 519
7, 628
8, 551
9, 484
10, 1084
11, 759
12, 591
13, 481
14, 698
15, 541
16, 490
17, 1513
18, 742
19, 463
20, 566
21, 548
22, 565
23, 603
24, 693
25, 598
26, 629
27, 512
28, 508
29, 882
30, 1129
31, 650
32, 541
33, 599
34, 1184
35, 464
36, 532
37, 671
38, 598
39, 477
40, 462
41, 480
42, 732
43, 711
44, 771
45, 493
46, 751
47, 547
48, 1161
49, 582
50, 467
51, 559
52, 470
53, 586
54, 485
55, 640
56, 1069
57, 617
58, 708
59, 841
60, 1256
61, 584
62, 533
63, 828
64, 464
65, 853
66, 620
67, 547
68, 828
69, 550
70, 461
