1, 804
2, 804
3, 1196
4, 804
5, 855
6, 804
7, 804
8, 851
9, 810
10, 837
11, 817
12, 805
13, 804
14, 804
15, 805
16, 867
17, 808
18, 806
19, 803
20, 903
21, 863
22, 805
23, 1212
24, 804
25, 806
26, 804
27, 804
28, 805
29, 805
30, 804
31, 807
32, 804
33, 805
34, 809
35, 813
36, 805
37, 804
38, 804
39, 810
40, 826
41, 804
42, 804
43, 805
44, 804
45, 805
46, 829
47, 805
48, 805
49, 808
50, 804
51, 804
52, 804
53, 808
54, 804
55, 855
56, 804
57, 805
58, 804
59, 804
60, 804
61, 804
62, 805
63, 804
64, 814
65, 808
66, 837
67, 804
68, 805
69, 990
70, 871
