1, 806
2, 806
3, 807
4, 805
5, 807
6, 806
7, 806
8, 806
9, 806
10, 805
11, 806
12, 814
13, 807
14, 806
15, 930
16, 806
17, 955
18, 807
19, 806
20, 807
21, 806
22, 806
23, 805
24, 806
25, 806
26, 805
27, 806
28, 806
29, 805
30, 806
31, 808
32, 806
33, 806
34, 806
35, 805
36, 809
37, 806
38, 805
39, 806
40, 806
41, 810
42, 806
43, 806
44, 1124
45, 806
46, 805
47, 806
48, 806
49, 806
50, 806
51, 806
52, 814
53, 806
54, 806
55, 806
56, 813
57, 806
58, 806
59, 806
60, 806
61, 806
62, 806
63, 805
64, 808
65, 805
66, 806
67, 1035
68, 806
69, 805
70, 806
