1, 682
2, 1084
3, 800
4, 550
5, 400
6, 845
7, 627
8, 1155
9, 686
10, 480
11, 981
12, 569
13, 424
14, 573
15, 1704
16, 393
17, 855
18, 607
19, 997
20, 1291
21, 2383
22, 838
23, 701
24, 647
25, 372
26, 456
27, 1055
28, 432
29, 400
30, 395
31, 582
32, 661
33, 474
34, 730
35, 723
36, 362
37, 545
38, 411
39, 475
40, 639
41, 604
42, 466
43, 403
44, 315
45, 1196
46, 595
47, 592
48, 765
49, 667
50, 653
51, 939
52, 685
53, 490
54, 1547
55, 336
56, 445
57, 1078
58, 376
59, 432
60, 372
61, 376
62, 387
63, 543
64, 421
65, 1070
66, 1399
67, 675
68, 316
69, 715
70, 851
