1, 107
2, 470
3, 159
4, 110
5, 187
6, 109
7, 107
8, 109
9, 151
10, 109
11, 109
12, 107
13, 159
14, 113
15, 139
16, 119
17, 109
18, 110
19, 108
20, 189
21, 139
22, 109
23, 172
24, 109
25, 111
26, 139
27, 163
28, 199
29, 110
30, 113
31, 125
32, 135
33, 172
34, 109
35, 442
36, 109
37, 130
38, 119
39, 294
40, 205
41, 328
42, 115
43, 108
44, 162
45, 226
46, 114
47, 109
48, 110
49, 108
50, 110
51, 207
52, 124
53, 108
54, 108
55, 108
56, 110
57, 110
58, 148
59, 108
60, 108
61, 132
62, 108
63, 109
64, 109
65, 119
66, 218
67, 108
68, 108
69, 194
70, 108
71, 115
72, 120
73, 108
74, 108
75, 110
76, 121
77, 108
78, 110
79, 111
80, 128
81, 234
82, 117
83, 152
84, 124
85, 340
86, 135
87, 122
88, 152
89, 122
90, 107
91, 111
92, 163
93, 126
94, 109
95, 119
96, 109
97, 107
98, 117
99, 135
100, 111
101, 166
102, 246
103, 110
104, 133
105, 111
106, 161
107, 110
108, 162
109, 116
110, 178
111, 108
112, 122
113, 124
114, 148
115, 203
116, 115
117, 107
118, 108
119, 108
120, 120
121, 117
122, 113
123, 109
124, 108
125, 186
126, 134
127, 116
128, 147
129, 198
130, 135
131, 150
132, 150
133, 144
134, 109
135, 108
136, 109
137, 127
138, 109
139, 110
140, 110
141, 116
142, 108
143, 109
144, 119
145, 168
146, 109
147, 111
148, 109
149, 108
150, 116
151, 110
152, 189
153, 115
154, 272
155, 125
156, 403
157, 111
158, 113
159, 114
160, 109
161, 111
162, 115
163, 115
164, 112
165, 116
166, 120
167, 108
168, 120
169, 150
170, 110
171, 107
172, 193
173, 227
174, 109
175, 196
176, 108
177, 484
178, 108
179, 109
180, 117
181, 242
182, 114
183, 124
184, 120
185, 113
186, 118
187, 156
188, 125
189, 116
190, 117
191, 108
192, 302
193, 1140
194, 140
195, 108
196, 130
197, 108
198, 1052
199, 117
200, 109
201, 113
202, 114
203, 110
204, 199
205, 123
206, 157
207, 207
208, 109
209, 108
210, 331
211, 108
212, 109
213, 110
214, 137
215, 108
216, 115
217, 108
218, 109
219, 111
220, 151
221, 219
222, 110
223, 111
224, 109
225, 114
226, 113
227, 158
228, 110
229, 113
230, 110
231, 134
232, 111
233, 109
234, 107
235, 215
236, 109
237, 109
238, 109
239, 110
240, 252
241, 109
242, 108
243, 109
244, 110
245, 133
246, 138
247, 446
248, 125
249, 153
250, 108
251, 109
252, 237
253, 154
254, 140
255, 111
256, 433
257, 109
258, 108
259, 108
260, 109
261, 108
262, 199
263, 264
264, 121
265, 178
266, 107
267, 194
268, 324
269, 110
270, 109
271, 108
272, 111
273, 137
274, 109
275, 110
276, 109
277, 604
278, 115
279, 132
280, 113
281, 109
282, 108
283, 108
284, 108
285, 118
286, 182
287, 110
288, 109
289, 113
290, 111
291, 119
292, 147
293, 112
294, 108
295, 161
296, 108
297, 805
298, 110
299, 147
300, 124
