1, 267
2, 251
3, 99
4, 114
5, 108
6, 114
7, 173
8, 110
9, 281
10, 102
11, 300
12, 256
13, 149
14, 140
15, 106
16, 139
17, 208
18, 100
19, 99
20, 102
21, 169
22, 183
23, 108
24, 104
25, 199
26, 151
27, 152
28, 104
29, 195
30, 100
31, 104
32, 100
33, 104
34, 107
35, 100
36, 103
37, 100
38, 117
39, 115
40, 182
41, 515
42, 146
43, 126
44, 577
45, 311
46, 121
47, 127
48, 100
49, 227
50, 273
51, 141
52, 119
53, 138
54, 147
55, 158
56, 100
57, 126
58, 124
59, 105
60, 103
61, 123
62, 151
63, 105
64, 101
65, 444
66, 100
67, 101
68, 117
69, 115
70, 101
71, 162
72, 198
73, 179
74, 177
75, 133
76, 102
77, 112
78, 161
79, 242
80, 105
81, 166
82, 114
83, 134
84, 156
85, 318
86, 117
87, 586
88, 114
89, 104
90, 132
91, 100
92, 104
93, 100
94, 115
95, 111
96, 213
97, 101
98, 100
99, 334
100, 155
101, 100
102, 110
103, 165
104, 100
105, 525
106, 103
107, 124
108, 129
109, 116
110, 219
111, 101
112, 174
113, 858
114, 101
115, 99
116, 133
117, 101
118, 102
119, 100
120, 125
121, 148
122, 160
123, 177
124, 103
125, 173
126, 101
127, 104
128, 240
129, 146
130, 100
131, 105
132, 205
133, 111
134, 205
135, 148
136, 369
137, 112
138, 112
139, 104
140, 120
141, 101
142, 125
143, 111
144, 128
145, 162
146, 131
147, 221
148, 117
149, 102
150, 110
151, 160
152, 108
153, 190
154, 157
155, 313
156, 101
157, 123
158, 255
159, 99
160, 436
161, 168
162, 101
163, 99
164, 101
165, 244
166, 116
167, 100
168, 123
169, 103
170, 259
171, 114
172, 101
173, 100
174, 112
175, 273
176, 145
177, 131
178, 102
179, 176
180, 100
181, 143
182, 357
183, 104
184, 101
185, 131
186, 289
187, 144
188, 100
189, 108
190, 116
191, 139
192, 160
193, 100
194, 966
195, 149
196, 101
197, 100
198, 100
199, 116
200, 317
201, 101
202, 101
203, 107
204, 108
205, 113
206, 99
207, 102
208, 125
209, 100
210, 101
211, 103
212, 112
213, 104
214, 210
215, 110
216, 104
217, 100
218, 103
219, 143
220, 101
221, 138
222, 113
223, 100
224, 115
225, 101
226, 100
227, 114
228, 131
229, 110
230, 123
231, 107
232, 120
233, 101
234, 99
235, 105
236, 110
237, 141
238, 147
239, 106
240, 103
241, 100
242, 116
243, 170
244, 118
245, 107
246, 191
247, 144
248, 164
249, 100
250, 99
251, 106
252, 101
253, 160
254, 119
255, 155
256, 143
257, 113
258, 311
259, 108
260, 239
261, 151
262, 199
263, 102
264, 100
265, 165
266, 286
267, 102
268, 117
269, 100
270, 129
271, 113
272, 102
273, 103
274, 300
275, 207
276, 100
277, 146
278, 264
279, 103
280, 172
281, 100
282, 100
283, 123
284, 99
285, 116
286, 132
287, 144
288, 149
289, 441
290, 243
291, 109
292, 317
293, 121
294, 239
295, 103
296, 185
297, 360
298, 139
299, 99
300, 168
