1, 172
2, 113
3, 112
4, 162
5, 107
6, 104
7, 440
8, 1483
9, 170
10, 104
11, 105
12, 112
13, 104
14, 105
15, 511
16, 105
17, 104
18, 138
19, 134
20, 104
21, 105
22, 104
23, 147
24, 114
25, 109
26, 117
27, 108
28, 144
29, 104
30, 119
31, 102
32, 106
33, 106
34, 104
35, 105
36, 104
37, 104
38, 107
39, 103
40, 116
41, 1088
42, 107
43, 105
44, 104
45, 380
46, 105
47, 160
48, 105
49, 117
50, 114
51, 105
52, 133
53, 133
54, 170
55, 105
56, 105
57, 105
58, 104
59, 110
60, 114
61, 170
62, 153
63, 173
64, 104
65, 112
66, 197
67, 139
68, 107
69, 103
70, 158
71, 104
72, 106
73, 106
74, 105
75, 104
76, 103
77, 105
78, 104
79, 130
80, 104
81, 103
82, 142
83, 104
84, 103
85, 129
86, 104
87, 127
88, 118
89, 111
90, 206
91, 123
92, 110
93, 214
94, 286
95, 236
96, 104
97, 110
98, 105
99, 110
100, 107
101, 114
102, 157
103, 154
104, 243
105, 107
106, 269
107, 150
108, 336
109, 143
110, 234
111, 117
112, 107
113, 148
114, 243
115, 110
116, 120
117, 105
118, 236
119, 197
120, 111
121, 156
122, 119
123, 107
124, 104
125, 105
126, 191
127, 125
128, 104
129, 217
130, 124
131, 328
132, 109
133, 113
134, 106
135, 104
136, 106
137, 106
138, 106
139, 233
140, 171
141, 118
142, 457
143, 105
144, 112
145, 109
146, 160
147, 125
148, 180
149, 109
150, 150
151, 107
152, 190
153, 285
154, 134
155, 130
156, 150
157, 115
158, 119
159, 210
160, 108
161, 103
162, 106
163, 106
164, 112
165, 104
166, 104
167, 142
168, 106
169, 231
170, 144
171, 258
172, 203
173, 174
174, 119
175, 116
176, 111
177, 110
178, 253
179, 113
180, 106
181, 105
182, 113
183, 125
184, 105
185, 244
186, 132
187, 105
188, 107
189, 296
190, 105
191, 135
192, 185
193, 109
194, 300
195, 105
196, 133
197, 184
198, 104
199, 231
200, 104
201, 118
202, 106
203, 307
204, 140
205, 116
206, 158
207, 117
208, 263
209, 279
210, 123
211, 180
212, 104
213, 143
214, 173
215, 104
216, 104
217, 104
218, 105
219, 111
220, 107
221, 107
222, 127
223, 140
224, 241
225, 132
226, 122
227, 110
228, 104
229, 222
230, 105
231, 410
232, 141
233, 184
234, 127
235, 104
236, 105
237, 119
238, 168
239, 421
240, 105
241, 129
242, 112
243, 205
244, 142
245, 270
246, 104
247, 105
248, 110
249, 175
250, 127
251, 156
252, 192
253, 107
254, 104
255, 104
256, 104
257, 104
258, 104
259, 105
260, 167
261, 179
262, 103
263, 110
264, 104
265, 104
266, 180
267, 136
268, 103
269, 113
270, 105
271, 108
272, 103
273, 105
274, 157
275, 115
276, 114
277, 107
278, 103
279, 122
280, 104
281, 117
282, 147
283, 117
284, 103
285, 105
286, 167
287, 105
288, 252
289, 167
290, 104
291, 104
292, 108
293, 109
294, 104
295, 123
296, 104
297, 117
298, 106
299, 105
300, 112
