1, 146
2, 259
3, 277
4, 114
5, 111
6, 117
7, 120
8, 250
9, 1198
10, 104
11, 228
12, 149
13, 122
14, 106
15, 163
16, 132
17, 108
18, 260
19, 158
20, 107
21, 119
22, 107
23, 105
24, 104
25, 104
26, 108
27, 107
28, 104
29, 128
30, 117
31, 113
32, 107
33, 171
34, 105
35, 107
36, 105
37, 129
38, 124
39, 444
40, 104
41, 108
42, 106
43, 239
44, 103
45, 104
46, 105
47, 109
48, 106
49, 130
50, 141
51, 241
52, 258
53, 106
54, 155
55, 105
56, 173
57, 106
58, 115
59, 103
60, 115
61, 104
62, 146
63, 134
64, 255
65, 202
66, 105
67, 192
68, 103
69, 175
70, 105
71, 103
72, 107
73, 105
74, 190
75, 104
76, 105
77, 117
78, 105
79, 196
80, 105
81, 115
82, 108
83, 133
84, 104
85, 109
86, 123
87, 104
88, 104
89, 116
90, 214
91, 145
92, 129
93, 179
94, 109
95, 106
96, 105
97, 405
98, 108
99, 108
100, 111
101, 105
102, 112
103, 126
104, 151
105, 165
106, 109
107, 104
108, 109
109, 124
110, 420
111, 190
112, 198
113, 104
114, 104
115, 253
116, 117
117, 105
118, 104
119, 127
120, 106
121, 183
122, 107
123, 175
124, 136
125, 188
126, 105
127, 272
128, 105
129, 104
130, 125
131, 114
132, 207
133, 109
134, 136
135, 107
136, 340
137, 103
138, 106
139, 148
140, 172
141, 155
142, 167
143, 130
144, 302
145, 121
146, 113
147, 107
148, 170
149, 104
150, 104
151, 104
152, 103
153, 114
154, 112
155, 209
156, 329
157, 308
158, 147
159, 111
160, 106
161, 108
162, 166
163, 140
164, 107
165, 224
166, 104
167, 107
168, 147
169, 169
170, 106
171, 257
172, 154
173, 104
174, 104
175, 104
176, 187
177, 283
178, 102
179, 225
180, 104
181, 104
182, 127
183, 103
184, 117
185, 197
186, 107
187, 162
188, 145
189, 157
190, 211
191, 171
192, 155
193, 156
194, 108
195, 171
196, 230
197, 307
198, 124
199, 132
200, 182
201, 116
202, 107
203, 105
204, 206
205, 113
206, 667
207, 120
208, 104
209, 317
210, 176
211, 139
212, 109
213, 104
214, 151
215, 164
216, 269
217, 179
218, 107
219, 153
220, 233
221, 106
222, 104
223, 105
224, 103
225, 142
226, 103
227, 108
228, 105
229, 316
230, 104
231, 105
232, 106
233, 124
234, 134
235, 110
236, 207
237, 204
238, 152
239, 114
240, 109
241, 139
242, 460
243, 104
244, 132
245, 122
246, 110
247, 104
248, 104
249, 105
250, 103
251, 137
252, 142
253, 130
254, 104
255, 105
256, 108
257, 105
258, 129
259, 287
260, 107
261, 138
262, 150
263, 225
264, 110
265, 103
266, 105
267, 104
268, 152
269, 103
270, 104
271, 114
272, 111
273, 118
274, 145
275, 112
276, 106
277, 119
278, 103
279, 129
280, 117
281, 117
282, 103
283, 111
284, 104
285, 126
286, 737
287, 105
288, 395
289, 120
290, 107
291, 207
292, 129
293, 106
294, 149
295, 104
296, 106
297, 116
298, 118
299, 162
300, 159
