1, 116
2, 113
3, 113
4, 120
5, 125
6, 116
7, 115
8, 114
9, 118
10, 113
11, 183
12, 113
13, 118
14, 122
15, 118
16, 117
17, 179
18, 113
19, 152
20, 114
21, 130
22, 380
23, 180
24, 112
25, 207
26, 173
27, 141
28, 114
29, 174
30, 356
31, 172
32, 442
33, 113
34, 117
35, 118
36, 117
37, 139
38, 112
39, 191
40, 276
41, 200
42, 113
43, 113
44, 235
45, 117
46, 115
47, 148
48, 146
49, 556
50, 114
51, 113
52, 754
53, 141
54, 198
55, 114
56, 114
57, 212
58, 113
59, 216
60, 122
61, 114
62, 122
63, 112
64, 162
65, 128
66, 120
67, 115
68, 184
69, 116
70, 169
71, 147
72, 115
73, 121
74, 125
75, 114
76, 116
77, 124
78, 164
79, 111
80, 179
81, 254
82, 137
83, 115
84, 117
85, 209
86, 115
87, 182
88, 203
89, 115
90, 145
91, 117
92, 113
93, 153
94, 171
95, 114
96, 113
97, 238
98, 192
99, 116
100, 113
101, 112
102, 114
103, 238
104, 117
105, 177
106, 120
107, 153
108, 113
109, 163
110, 170
111, 133
112, 121
113, 135
114, 113
115, 115
116, 112
117, 374
118, 113
119, 347
120, 113
121, 116
122, 180
123, 113
124, 115
125, 162
126, 113
127, 113
128, 113
129, 115
130, 123
131, 114
132, 184
133, 163
134, 339
135, 112
136, 115
137, 129
138, 123
139, 112
140, 116
141, 115
142, 171
143, 138
144, 192
145, 147
146, 121
147, 367
148, 113
149, 124
150, 150
151, 153
152, 113
153, 121
154, 169
155, 126
156, 114
157, 116
158, 114
159, 228
160, 113
161, 199
162, 160
163, 530
164, 137
165, 122
166, 124
167, 179
168, 133
169, 317
170, 111
171, 165
172, 113
173, 122
174, 153
175, 129
176, 116
177, 188
178, 117
179, 207
180, 163
181, 151
182, 114
183, 116
184, 176
185, 112
186, 113
187, 113
188, 118
189, 207
190, 219
191, 112
192, 115
193, 125
194, 125
195, 118
196, 222
197, 122
198, 119
199, 160
200, 112
201, 216
202, 112
203, 119
204, 158
205, 113
206, 112
207, 136
208, 156
209, 286
210, 114
211, 135
212, 236
213, 115
214, 114
215, 115
216, 113
217, 127
218, 112
219, 150
220, 147
221, 120
222, 131
223, 961
224, 115
225, 356
226, 112
227, 187
228, 114
229, 144
230, 155
231, 132
232, 273
233, 113
234, 128
235, 124
236, 144
237, 282
238, 115
239, 123
240, 114
241, 148
242, 144
243, 125
244, 115
245, 131
246, 113
247, 208
248, 224
249, 113
250, 138
251, 128
252, 165
253, 125
254, 113
255, 114
256, 113
257, 114
258, 113
259, 220
260, 140
261, 135
262, 201
263, 138
264, 121
265, 113
266, 215
267, 133
268, 321
269, 160
270, 169
271, 113
272, 111
273, 113
274, 122
275, 114
276, 160
277, 121
278, 150
279, 112
280, 177
281, 114
282, 113
283, 114
284, 116
285, 169
286, 138
287, 153
288, 148
289, 113
290, 141
291, 120
292, 136
293, 859
294, 136
295, 112
296, 141
297, 351
298, 114
299, 119
300, 146
