1, 222
2, 122
3, 118
4, 117
5, 117
6, 131
7, 118
8, 217
9, 143
10, 119
11, 134
12, 154
13, 213
14, 140
15, 120
16, 193
17, 118
18, 125
19, 119
20, 145
21, 122
22, 163
23, 119
24, 127
25, 118
26, 117
27, 129
28, 116
29, 117
30, 118
31, 264
32, 121
33, 174
34, 130
35, 159
36, 117
37, 138
38, 128
39, 118
40, 121
41, 137
42, 119
43, 146
44, 201
45, 118
46, 196
47, 158
48, 130
49, 119
50, 129
51, 143
52, 257
53, 140
54, 120
55, 136
56, 120
57, 197
58, 758
59, 117
60, 119
61, 155
62, 131
63, 131
64, 119
65, 125
66, 159
67, 125
68, 119
69, 124
70, 117
71, 124
72, 117
73, 147
74, 152
75, 162
76, 142
77, 134
78, 118
79, 117
80, 118
81, 153
82, 187
83, 163
84, 175
85, 158
86, 169
87, 118
88, 118
89, 118
90, 129
91, 118
92, 192
93, 118
94, 176
95, 119
96, 358
97, 188
98, 140
99, 119
100, 121
101, 125
102, 118
103, 153
104, 143
105, 118
106, 141
107, 255
108, 128
109, 301
110, 125
111, 120
112, 130
113, 124
114, 218
115, 118
116, 140
117, 133
118, 118
119, 225
120, 119
121, 126
122, 206
123, 117
124, 117
125, 118
126, 118
127, 205
128, 173
129, 132
130, 117
131, 118
132, 119
133, 125
134, 118
135, 134
136, 117
137, 184
138, 117
139, 155
140, 167
141, 134
142, 118
143, 117
144, 117
145, 172
146, 118
147, 118
148, 122
149, 119
150, 118
151, 306
152, 118
153, 137
154, 131
155, 192
156, 128
157, 124
158, 127
159, 119
160, 119
161, 326
162, 137
163, 120
164, 119
165, 152
166, 118
167, 122
168, 124
169, 119
170, 120
171, 119
172, 118
173, 120
174, 145
175, 119
176, 122
177, 118
178, 149
179, 118
180, 195
181, 121
182, 152
183, 142
184, 118
185, 142
186, 182
187, 360
188, 118
189, 117
190, 119
191, 687
192, 121
193, 200
194, 121
195, 117
196, 121
197, 125
198, 230
199, 127
200, 118
201, 161
202, 118
203, 703
204, 118
205, 118
206, 118
207, 118
208, 116
209, 119
210, 130
211, 118
212, 119
213, 156
214, 119
215, 193
216, 119
217, 118
218, 118
219, 156
220, 118
221, 153
222, 118
223, 238
224, 117
225, 117
226, 163
227, 117
228, 189
229, 127
230, 118
231, 117
232, 123
233, 117
234, 157
235, 120
236, 117
237, 119
238, 117
239, 141
240, 198
241, 127
242, 125
243, 121
244, 184
245, 118
246, 117
247, 180
248, 119
249, 120
250, 118
251, 136
252, 118
253, 124
254, 146
255, 132
256, 226
257, 246
258, 126
259, 173
260, 118
261, 463
262, 118
263, 162
264, 127
265, 194
266, 124
267, 522
268, 121
269, 119
270, 361
271, 118
272, 162
273, 118
274, 126
275, 118
276, 118
277, 118
278, 468
279, 125
280, 122
281, 141
282, 137
283, 143
284, 119
285, 151
286, 118
287, 129
288, 118
289, 386
290, 159
291, 118
292, 117
293, 154
294, 120
295, 1075
296, 164
297, 137
298, 130
299, 124
300, 130
