1, 103
2, 104
3, 175
4, 103
5, 152
6, 117
7, 103
8, 116
9, 148
10, 105
11, 105
12, 111
13, 104
14, 123
15, 155
16, 233
17, 268
18, 109
19, 144
20, 108
21, 105
22, 128
23, 137
24, 112
25, 108
26, 105
27, 413
28, 105
29, 108
30, 174
31, 267
32, 347
33, 179
34, 110
35, 243
36, 104
37, 107
38, 104
39, 173
40, 104
41, 106
42, 104
43, 104
44, 103
45, 136
46, 130
47, 105
48, 127
49, 135
50, 170
51, 106
52, 126
53, 123
54, 104
55, 162
56, 166
57, 395
58, 263
59, 113
60, 230
61, 225
62, 138
63, 431
64, 105
65, 154
66, 105
67, 104
68, 110
69, 125
70, 105
71, 114
72, 109
73, 128
74, 119
75, 133
76, 122
77, 125
78, 200
79, 114
80, 105
81, 104
82, 108
83, 105
84, 600
85, 106
86, 104
87, 105
88, 104
89, 104
90, 104
91, 113
92, 128
93, 104
94, 112
95, 113
96, 104
97, 104
98, 2385
99, 109
100, 112
101, 129
102, 104
103, 269
104, 181
105, 106
106, 131
107, 169
108, 161
109, 153
110, 173
111, 108
112, 134
113, 106
114, 273
115, 105
116, 141
117, 103
118, 163
119, 105
120, 103
121, 107
122, 169
123, 104
124, 145
125, 109
126, 182
127, 153
128, 188
129, 184
130, 103
131, 235
132, 106
133, 190
134, 112
135, 103
136, 106
137, 103
138, 148
139, 117
140, 145
141, 150
142, 227
143, 104
144, 106
145, 107
146, 104
147, 139
148, 116
149, 156
150, 106
151, 124
152, 126
153, 215
154, 162
155, 113
156, 321
157, 109
158, 220
159, 105
160, 224
161, 117
162, 147
163, 125
164, 137
165, 104
166, 104
167, 115
168, 116
169, 105
170, 131
171, 130
172, 135
173, 104
174, 168
175, 104
176, 128
177, 418
178, 110
179, 276
180, 105
181, 106
182, 165
183, 245
184, 167
185, 105
186, 105
187, 110
188, 103
189, 105
190, 129
191, 116
192, 123
193, 170
194, 104
195, 134
196, 104
197, 105
198, 103
199, 144
200, 115
201, 125
202, 103
203, 178
204, 104
205, 128
206, 105
207, 127
208, 103
209, 105
210, 104
211, 104
212, 103
213, 103
214, 105
215, 223
216, 104
217, 104
218, 105
219, 104
220, 118
221, 104
222, 241
223, 104
224, 104
225, 104
226, 105
227, 111
228, 225
229, 191
230, 1332
231, 172
232, 104
233, 115
234, 106
235, 124
236, 164
237, 146
238, 121
239, 110
240, 181
241, 106
242, 233
243, 105
244, 143
245, 267
246, 109
247, 106
248, 119
249, 160
250, 107
251, 103
252, 104
253, 105
254, 103
255, 108
256, 119
257, 113
258, 104
259, 110
260, 180
261, 123
262, 110
263, 104
264, 104
265, 126
266, 105
267, 153
268, 106
269, 128
270, 107
271, 168
272, 136
273, 113
274, 166
275, 124
276, 107
277, 124
278, 135
279, 106
280, 128
281, 316
282, 104
283, 104
284, 163
285, 117
286, 105
287, 219
288, 136
289, 104
290, 144
291, 104
292, 103
293, 104
294, 103
295, 111
296, 105
297, 189
298, 104
299, 192
300, 110
