1, 96
2, 100
3, 240
4, 105
5, 197
6, 302
7, 96
8, 134
9, 99
10, 106
11, 177
12, 95
13, 182
14, 177
15, 178
16, 128
17, 101
18, 96
19, 212
20, 222
21, 96
22, 101
23, 499
24, 180
25, 207
26, 111
27, 124
28, 97
29, 111
30, 121
31, 97
32, 161
33, 145
34, 140
35, 112
36, 112
37, 108
38, 110
39, 102
40, 412
41, 100
42, 203
43, 120
44, 112
45, 128
46, 141
47, 124
48, 264
49, 119
50, 109
51, 97
52, 113
53, 199
54, 96
55, 96
56, 95
57, 103
58, 115
59, 196
60, 206
61, 99
62, 105
63, 133
64, 129
65, 130
66, 139
67, 110
68, 137
69, 109
70, 96
71, 100
72, 99
73, 203
74, 139
75, 171
76, 163
77, 97
78, 98
79, 98
80, 310
81, 175
82, 313
83, 115
84, 109
85, 130
86, 103
87, 338
88, 223
89, 128
90, 100
91, 318
92, 95
93, 101
94, 100
95, 174
96, 269
97, 98
98, 102
99, 209
100, 109
101, 612
102, 190
103, 112
104, 255
105, 209
106, 124
107, 167
108, 165
109, 161
110, 108
111, 98
112, 97
113, 122
114, 107
115, 187
116, 96
117, 244
118, 96
119, 186
120, 122
121, 96
122, 99
123, 109
124, 117
125, 102
126, 114
127, 101
128, 1447
129, 143
130, 130
131, 108
132, 296
133, 122
134, 168
135, 97
136, 116
137, 96
138, 181
139, 139
140, 145
141, 96
142, 318
143, 313
144, 125
145, 223
146, 96
147, 109
148, 97
149, 103
150, 176
151, 168
152, 96
153, 97
154, 109
155, 216
156, 97
157, 243
158, 101
159, 101
160, 136
161, 110
162, 108
163, 149
164, 119
165, 97
166, 330
167, 117
168, 247
169, 102
170, 183
171, 256
172, 138
173, 123
174, 216
175, 127
176, 150
177, 108
178, 174
179, 153
180, 105
181, 228
182, 100
183, 95
184, 112
185, 112
186, 96
187, 178
188, 249
189, 106
190, 183
191, 96
192, 139
193, 102
194, 132
195, 95
196, 540
197, 191
198, 297
199, 113
200, 97
201, 96
202, 105
203, 99
204, 303
205, 97
206, 96
207, 127
208, 175
209, 184
210, 126
211, 203
212, 139
213, 96
214, 234
215, 157
216, 97
217, 97
218, 97
219, 102
220, 97
221, 189
222, 1013
223, 141
224, 106
225, 96
226, 99
227, 106
228, 124
229, 96
230, 103
231, 112
232, 98
233, 258
234, 108
235, 172
236, 140
237, 118
238, 96
239, 110
240, 188
241, 113
242, 126
243, 165
244, 100
245, 96
246, 214
247, 99
248, 1297
249, 96
250, 96
251, 100
252, 103
253, 113
254, 112
255, 141
256, 120
257, 125
258, 97
259, 192
260, 104
261, 98
262, 139
263, 95
264, 152
265, 146
266, 104
267, 96
268, 179
269, 96
270, 97
271, 109
272, 100
273, 106
274, 114
275, 99
276, 116
277, 105
278, 314
279, 114
280, 96
281, 127
282, 132
283, 98
284, 102
285, 145
286, 99
287, 109
288, 100
289, 229
290, 137
291, 115
292, 96
293, 259
294, 103
295, 146
296, 117
297, 385
298, 122
299, 171
300, 101
