1, 251
2, 233
3, 266
4, 240
5, 237
6, 234
7, 233
8, 235
9, 239
10, 236
11, 243
12, 234
13, 315
14, 235
15, 235
16, 274
17, 234
18, 284
19, 233
20, 234
21, 234
22, 235
23, 236
24, 237
25, 234
26, 352
27, 235
28, 253
29, 233
30, 234
31, 234
32, 238
33, 250
34, 247
35, 234
36, 235
37, 235
38, 235
39, 234
40, 236
41, 233
42, 235
43, 282
44, 243
45, 258
46, 234
47, 233
48, 233
49, 233
50, 235
51, 234
52, 427
53, 266
54, 234
55, 235
56, 234
57, 286
58, 239
59, 375
60, 239
61, 257
62, 241
63, 233
64, 236
65, 235
66, 242
67, 235
68, 234
69, 235
70, 334
71, 235
72, 235
73, 242
74, 234
75, 234
76, 234
77, 234
78, 245
79, 238
80, 238
81, 235
82, 235
83, 236
84, 241
85, 234
86, 234
87, 505
88, 236
89, 234
90, 235
91, 234
92, 279
93, 236
94, 234
95, 234
96, 240
97, 235
98, 234
99, 233
100, 268
101, 235
102, 234
103, 238
104, 236
105, 234
106, 417
107, 244
108, 234
109, 278
110, 279
111, 235
112, 235
113, 235
114, 255
115, 235
116, 232
117, 248
118, 234
119, 233
120, 236
121, 234
122, 236
123, 234
124, 234
125, 242
126, 248
127, 258
128, 252
129, 239
130, 233
131, 410
132, 235
133, 321
134, 378
135, 233
136, 234
137, 237
138, 233
139, 236
140, 233
141, 233
142, 234
143, 236
144, 234
145, 244
146, 235
147, 244
148, 238
149, 234
150, 247
151, 234
152, 234
153, 234
154, 233
155, 239
156, 233
157, 234
158, 236
159, 321
160, 240
161, 233
162, 234
163, 234
164, 234
165, 234
166, 238
167, 234
168, 234
169, 237
170, 234
171, 237
172, 234
173, 236
174, 234
175, 249
176, 234
177, 235
178, 234
179, 234
180, 289
181, 235
182, 467
183, 242
184, 364
185, 233
186, 235
187, 240
188, 235
189, 235
190, 298
191, 232
192, 235
193, 234
194, 235
195, 236
196, 234
197, 242
198, 235
199, 236
200, 238
201, 234
202, 235
203, 236
204, 236
205, 247
206, 234
207, 252
208, 236
209, 235
210, 274
211, 235
212, 234
213, 234
214, 235
215, 236
216, 325
217, 260
218, 236
219, 244
220, 244
221, 372
222, 234
223, 260
224, 234
225, 250
226, 233
227, 268
228, 247
229, 234
230, 237
231, 236
232, 242
233, 233
234, 240
235, 234
236, 234
237, 268
238, 235
239, 233
240, 237
241, 240
242, 235
243, 240
244, 244
245, 406
246, 235
247, 235
248, 236
249, 235
250, 267
251, 235
252, 238
253, 235
254, 245
255, 235
256, 268
257, 234
258, 234
259, 233
260, 237
261, 276
262, 235
263, 248
264, 236
265, 235
266, 234
267, 240
268, 237
269, 233
270, 240
271, 237
272, 234
273, 257
274, 236
275, 234
276, 234
277, 234
278, 234
279, 248
280, 243
281, 235
282, 234
283, 235
284, 234
285, 277
286, 474
287, 264
288, 272
289, 235
290, 234
291, 241
292, 234
293, 235
294, 263
295, 243
296, 236
297, 242
298, 334
299, 235
300, 241
301, 236
302, 234
303, 236
304, 235
305, 234
306, 234
307, 235
308, 248
309, 252
310, 233
311, 279
312, 237
313, 233
314, 235
315, 234
316, 233
317, 270
318, 234
319, 234
320, 233
321, 235
322, 234
323, 235
324, 233
325, 234
326, 234
327, 239
328, 236
329, 234
330, 251
331, 236
332, 235
333, 236
334, 235
335, 260
336, 235
337, 235
338, 234
339, 234
340, 234
341, 234
342, 233
343, 270
344, 234
345, 239
346, 233
347, 235
348, 242
349, 236
350, 323
351, 235
352, 238
353, 233
354, 234
355, 235
356, 235
357, 360
358, 248
359, 236
360, 250
361, 234
362, 235
363, 235
364, 265
365, 235
366, 235
367, 233
368, 235
369, 234
370, 234
371, 237
372, 235
373, 316
374, 380
375, 251
376, 238
377, 233
378, 234
379, 233
380, 234
381, 235
382, 246
383, 238
384, 235
385, 235
386, 234
387, 269
388, 235
389, 235
390, 236
391, 232
392, 235
393, 239
394, 234
395, 234
396, 237
397, 236
398, 236
399, 237
400, 234
