1, 205
2, 205
3, 216
4, 222
5, 206
6, 207
7, 205
8, 206
9, 207
10, 213
11, 223
12, 208
13, 229
14, 206
15, 206
16, 230
17, 204
18, 213
19, 206
20, 206
21, 211
22, 206
23, 207
24, 307
25, 205
26, 206
27, 206
28, 206
29, 205
30, 206
31, 360
32, 206
33, 465
34, 215
35, 206
36, 205
37, 207
38, 205
39, 245
40, 205
41, 217
42, 205
43, 205
44, 213
45, 205
46, 206
47, 206
48, 260
49, 205
50, 204
51, 206
52, 235
53, 215
54, 206
55, 206
56, 229
57, 205
58, 205
59, 436
60, 208
61, 207
62, 205
63, 226
64, 206
65, 208
66, 222
67, 206
68, 205
69, 230
70, 205
71, 205
72, 207
73, 208
74, 217
75, 271
76, 207
77, 205
78, 205
79, 205
80, 207
81, 521
82, 206
83, 205
84, 337
85, 354
86, 205
87, 207
88, 205
89, 206
90, 216
91, 205
92, 206
93, 207
94, 281
95, 232
96, 223
97, 207
98, 238
99, 218
100, 203
101, 204
102, 205
103, 225
104, 208
105, 238
106, 426
107, 348
108, 205
109, 206
110, 206
111, 208
112, 205
113, 205
114, 208
115, 205
116, 205
117, 279
118, 213
119, 227
120, 206
121, 207
122, 308
123, 241
124, 240
125, 206
126, 214
127, 233
128, 219
129, 206
130, 206
131, 207
132, 227
133, 218
134, 208
135, 205
136, 205
137, 206
138, 204
139, 208
140, 298
141, 204
142, 210
143, 205
144, 250
145, 209
146, 211
147, 205
148, 212
149, 207
150, 341
151, 209
152, 221
153, 236
154, 204
155, 356
156, 205
157, 205
158, 210
159, 218
160, 209
161, 205
162, 206
163, 207
164, 205
165, 206
166, 206
167, 215
168, 205
169, 265
170, 248
171, 232
172, 206
173, 301
174, 209
175, 209
176, 243
177, 205
178, 205
179, 205
180, 205
181, 206
182, 219
183, 205
184, 205
185, 204
186, 221
187, 207
188, 206
189, 204
190, 359
191, 224
192, 207
193, 206
194, 206
195, 228
196, 206
197, 227
198, 214
199, 209
200, 205
201, 207
202, 205
203, 205
204, 207
205, 210
206, 286
207, 205
208, 229
209, 204
210, 229
211, 232
212, 212
213, 215
214, 205
215, 206
216, 209
217, 205
218, 244
219, 229
220, 614
221, 209
222, 300
223, 206
224, 283
225, 230
226, 205
227, 218
228, 301
229, 206
230, 258
231, 205
232, 205
233, 205
234, 224
235, 351
236, 237
237, 232
238, 204
239, 354
240, 205
241, 220
242, 343
243, 292
244, 205
245, 228
246, 374
247, 206
248, 218
249, 330
250, 250
251, 207
252, 266
253, 205
254, 204
255, 250
256, 205
257, 207
258, 563
259, 209
260, 205
261, 230
262, 205
263, 235
264, 210
265, 223
266, 213
267, 231
268, 207
269, 211
270, 205
271, 205
272, 215
273, 206
274, 206
275, 205
276, 205
277, 212
278, 205
279, 291
280, 229
281, 205
282, 207
283, 205
284, 210
285, 223
286, 404
287, 279
288, 213
289, 220
290, 226
291, 205
292, 206
293, 217
294, 215
295, 204
296, 205
297, 207
298, 206
299, 204
300, 383
301, 291
302, 207
303, 206
304, 287
305, 234
306, 226
307, 211
308, 805
309, 205
310, 206
311, 206
312, 389
313, 233
314, 205
315, 797
316, 211
317, 206
318, 232
319, 203
320, 223
321, 205
322, 206
323, 223
324, 221
325, 326
326, 206
327, 227
328, 205
329, 204
330, 292
331, 208
332, 389
333, 205
334, 208
335, 249
336, 210
337, 216
338, 205
339, 204
340, 203
341, 206
342, 216
343, 206
344, 225
345, 209
346, 205
347, 333
348, 206
349, 211
350, 240
351, 210
352, 204
353, 222
354, 280
355, 244
356, 207
357, 204
358, 211
359, 211
360, 207
361, 210
362, 205
363, 205
364, 245
365, 204
366, 241
367, 205
368, 207
369, 226
370, 315
371, 212
372, 219
373, 205
374, 214
375, 235
376, 206
377, 445
378, 206
379, 205
380, 206
381, 219
382, 430
383, 206
384, 207
385, 206
386, 214
387, 205
388, 249
389, 228
390, 205
391, 204
392, 206
393, 211
394, 291
395, 205
396, 315
397, 209
398, 206
399, 205
400, 206
