1, 1127
2, 1222
3, 1187
4, 1818
5, 1098
6, 1180
7, 1071
8, 1069
9, 1068
10, 1155
11, 1341
12, 5648
13, 2114
14, 1253
15, 1071
16, 1069
17, 1324
18, 2047
19, 1414
20, 1120
21, 1101
22, 1070
23, 2203
24, 1722
25, 1072
26, 1069
27, 1172
28, 1150
29, 1219
30, 1072
31, 1068
32, 1613
33, 1158
34, 1068
35, 3531
36, 1479
37, 1068
38, 1139
39, 1135
40, 1357
41, 1068
42, 1405
43, 2058
44, 1173
45, 1386
46, 1614
47, 1218
48, 1108
49, 1079
50, 1074
51, 1248
52, 1068
53, 1101
54, 1288
55, 1613
56, 1069
57, 1072
58, 2229
59, 1070
60, 1268
61, 2036
62, 1912
63, 1132
64, 1068
65, 1068
66, 1069
67, 2380
68, 1067
69, 1069
70, 1068
71, 1077
72, 1118
73, 1069
74, 1179
75, 1104
76, 2954
77, 1404
78, 1113
79, 1772
80, 1360
81, 1246
82, 1087
83, 1093
84, 1683
85, 1069
86, 1104
87, 3714
88, 1068
89, 1301
90, 1075
91, 1239
92, 1209
93, 1070
94, 1628
95, 1070
96, 1068
97, 1324
98, 2671
99, 1072
100, 1074
