1, 817
2, 1687
3, 1527
4, 1533
5, 1530
6, 830
7, 877
8, 1275
9, 1039
10, 1172
11, 801
12, 1148
13, 2533
14, 1139
15, 1058
16, 1916
17, 1340
18, 1160
19, 1263
20, 836
21, 1121
22, 928
23, 1982
24, 1928
25, 1195
26, 1203
27, 1005
28, 1048
29, 1170
30, 1245
31, 1233
32, 1035
33, 941
34, 971
35, 2561
36, 1430
37, 999
38, 1230
39, 990
40, 854
41, 881
42, 827
43, 1496
44, 1107
45, 1136
46, 1953
47, 973
48, 877
49, 928
50, 1462
51, 1413
52, 1482
53, 1247
54, 1002
55, 1120
56, 1014
57, 811
58, 1446
59, 1327
60, 1820
61, 2819
62, 799
63, 1112
64, 934
65, 2264
66, 805
67, 1249
68, 979
69, 821
70, 983
71, 1061
72, 1036
73, 1037
74, 822
75, 1639
76, 2035
77, 978
78, 1128
79, 1012
80, 1148
81, 1330
82, 1005
83, 1001
84, 1205
85, 1274
86, 1354
87, 1617
88, 1299
89, 1836
90, 1333
91, 1166
92, 1902
93, 819
94, 1041
95, 923
96, 928
97, 1047
98, 1148
99, 907
100, 1101
