1, 1065
2, 1179
3, 1066
4, 1065
5, 1271
6, 1224
7, 1115
8, 1111
9, 1066
10, 1073
11, 1085
12, 1204
13, 2100
14, 2382
15, 1065
16, 1131
17, 5837
18, 1066
19, 1358
20, 1089
21, 1283
22, 1505
23, 1161
24, 1310
25, 1110
26, 1442
27, 1352
28, 1584
29, 1067
30, 1066
31, 1087
32, 1721
33, 2078
34, 1221
35, 1068
36, 1069
37, 1301
38, 1309
39, 1090
40, 1113
41, 1530
42, 1134
43, 1408
44, 1075
45, 1076
46, 1308
47, 1066
48, 1989
49, 1563
50, 1082
51, 1197
52, 1497
53, 1073
54, 1272
55, 1419
56, 1300
57, 1200
58, 1098
59, 1106
60, 1064
61, 1205
62, 1067
63, 1210
64, 1207
65, 1493
66, 1181
67, 1226
68, 1089
69, 1140
70, 1105
71, 1117
72, 1249
73, 1065
74, 1379
75, 1123
76, 1066
77, 1824
78, 1205
79, 1069
80, 1066
81, 1081
82, 1091
83, 1068
84, 1137
85, 1285
86, 1415
87, 1065
88, 1324
89, 1178
90, 1093
91, 1066
92, 1069
93, 2607
94, 1064
95, 1341
96, 1082
97, 1625
98, 1207
99, 1068
100, 1079
