1, 1071
2, 1076
3, 2241
4, 1161
5, 2106
6, 1104
7, 1078
8, 1197
9, 1468
10, 1078
11, 1232
12, 1483
13, 1263
14, 1143
15, 1070
16, 1120
17, 1917
18, 1289
19, 1361
20, 5819
21, 1453
22, 1085
23, 1095
24, 1180
25, 1071
26, 1090
27, 1186
28, 1102
29, 1084
30, 1070
31, 1076
32, 1366
33, 1090
34, 1071
35, 1405
36, 1250
37, 1082
38, 1159
39, 2508
40, 1071
41, 1074
42, 1162
43, 1119
44, 1754
45, 1198
46, 1220
47, 1075
48, 1077
49, 1071
50, 1176
51, 1189
52, 1344
53, 1201
54, 1334
55, 2443
56, 1071
57, 1070
58, 1164
59, 1584
60, 1074
61, 1088
62, 1077
63, 1072
64, 1109
65, 1078
66, 1070
67, 1143
68, 4723
69, 1071
70, 1377
71, 1093
72, 1205
73, 1215
74, 1246
75, 1105
76, 1072
77, 1300
78, 1407
79, 1347
80, 1103
81, 1361
82, 1073
83, 1343
84, 1069
85, 1336
86, 1072
87, 1069
88, 1099
89, 1363
90, 1076
91, 1117
92, 1069
93, 2099
94, 1370
95, 1069
96, 2143
97, 1515
98, 1073
99, 1069
100, 1804
