1, 1455
2, 1182
3, 1747
4, 2564
5, 2494
6, 2742
7, 1395
8, 1976
9, 1442
10, 1353
11, 861
12, 1736
13, 1172
14, 944
15, 920
16, 1998
17, 1125
18, 1234
19, 1055
20, 903
21, 1432
22, 845
23, 1788
24, 939
25, 1261
26, 831
27, 1364
28, 916
29, 850
30, 1477
31, 813
32, 893
33, 895
34, 814
35, 1108
36, 2028
37, 1256
38, 1046
39, 1367
40, 1084
41, 951
42, 1236
43, 1370
44, 1120
45, 875
46, 1207
47, 874
48, 1132
49, 2046
50, 1132
51, 1851
52, 1205
53, 836
54, 977
55, 1931
56, 1045
57, 902
58, 2067
59, 1053
60, 1738
61, 1038
62, 1328
63, 1947
64, 1005
65, 927
66, 1309
67, 942
68, 837
69, 965
70, 1029
71, 875
72, 1197
73, 1035
74, 834
75, 1014
76, 855
77, 1246
78, 817
79, 1034
80, 1519
81, 889
82, 2381
83, 1752
84, 1697
85, 990
86, 1101
87, 1005
88, 1587
89, 1172
90, 1113
91, 1042
92, 1185
93, 1591
94, 852
95, 1035
96, 1283
97, 2048
98, 2234
99, 864
100, 1051
