1, 221
2, 170
3, 185
4, 174
5, 180
6, 279
7, 170
8, 222
9, 273
10, 170
11, 171
12, 185
13, 172
14, 169
15, 446
16, 282
17, 188
18, 170
19, 171
20, 170
21, 171
22, 348
23, 170
24, 170
25, 169
26, 170
27, 288
28, 175
29, 395
30, 171
31, 172
32, 185
33, 179
34, 207
35, 171
36, 170
37, 228
38, 172
39, 173
40, 177
41, 214
42, 190
43, 363
44, 171
45, 180
46, 171
47, 211
48, 172
49, 245
50, 319
51, 229
52, 169
53, 222
54, 170
55, 171
56, 217
57, 170
58, 176
59, 219
60, 203
61, 171
62, 170
63, 171
64, 193
65, 204
66, 170
67, 170
68, 404
69, 197
70, 266
71, 170
72, 301
73, 207
74, 188
75, 210
76, 171
77, 171
78, 170
79, 186
80, 170
81, 179
82, 474
83, 173
84, 174
85, 172
86, 452
87, 216
88, 178
89, 199
90, 171
91, 201
92, 277
93, 192
94, 171
95, 171
96, 282
97, 171
98, 176
99, 259
100, 453
101, 804
102, 173
103, 174
104, 243
105, 175
106, 173
107, 171
108, 172
109, 462
110, 258
111, 192
112, 1707
113, 193
114, 172
115, 433
116, 208
117, 170
118, 198
119, 276
120, 193
121, 171
122, 484
123, 173
124, 170
125, 170
126, 184
127, 170
128, 170
129, 283
130, 171
131, 172
132, 170
133, 188
134, 210
135, 170
136, 300
137, 239
138, 171
139, 171
140, 170
141, 184
142, 170
143, 171
144, 173
145, 170
146, 234
147, 174
148, 172
149, 170
150, 945
151, 192
152, 199
153, 170
154, 345
155, 171
156, 170
157, 207
158, 256
159, 171
160, 171
161, 171
162, 182
163, 170
164, 309
165, 180
166, 172
167, 170
168, 171
169, 248
170, 173
171, 170
172, 170
173, 180
174, 285
175, 490
176, 170
177, 171
178, 213
179, 366
180, 288
181, 172
182, 179
183, 466
184, 171
185, 172
186, 241
187, 409
188, 341
189, 2325
190, 233
191, 170
192, 170
193, 173
194, 178
195, 221
196, 175
197, 206
198, 174
199, 170
200, 175
201, 195
202, 171
203, 210
204, 171
205, 171
206, 170
207, 235
208, 235
209, 279
210, 170
211, 171
212, 308
213, 177
214, 246
215, 172
216, 176
217, 289
218, 254
219, 306
220, 177
221, 204
222, 170
223, 173
224, 233
225, 382
226, 190
227, 171
228, 172
229, 170
230, 170
231, 170
232, 171
233, 170
234, 177
235, 322
236, 285
237, 172
238, 195
239, 186
240, 219
241, 180
242, 179
243, 288
244, 179
245, 170
246, 171
247, 172
248, 682
249, 171
250, 316
