1, 506
2, 200
3, 223
4, 260
5, 287
6, 206
7, 244
8, 202
9, 193
10, 422
11, 256
12, 194
13, 195
14, 199
15, 322
16, 238
17, 311
18, 193
19, 196
20, 192
21, 204
22, 192
23, 384
24, 196
25, 776
26, 216
27, 195
28, 192
29, 194
30, 195
31, 238
32, 192
33, 297
34, 196
35, 210
36, 377
37, 193
38, 240
39, 205
40, 194
41, 302
42, 329
43, 269
44, 218
45, 193
46, 192
47, 193
48, 201
49, 221
50, 264
51, 356
52, 201
53, 199
54, 200
55, 215
56, 260
57, 197
58, 326
59, 253
60, 194
61, 197
62, 205
63, 435
64, 197
65, 198
66, 193
67, 195
68, 223
69, 236
70, 417
71, 279
72, 237
73, 194
74, 193
75, 195
76, 227
77, 193
78, 209
79, 194
80, 314
81, 363
82, 205
83, 241
84, 192
85, 239
86, 412
87, 193
88, 193
89, 434
90, 192
91, 200
92, 196
93, 229
94, 249
95, 1068
96, 287
97, 208
98, 218
99, 454
100, 241
101, 194
102, 193
103, 196
104, 222
105, 274
106, 196
107, 500
108, 265
109, 396
110, 203
111, 195
112, 195
113, 198
114, 215
115, 242
116, 277
117, 240
118, 193
119, 196
120, 218
121, 193
122, 250
123, 200
124, 262
125, 223
126, 216
127, 193
128, 242
129, 194
130, 194
131, 197
132, 203
133, 198
134, 288
135, 304
136, 193
137, 193
138, 193
139, 192
140, 194
141, 193
142, 320
143, 208
144, 195
145, 192
146, 192
147, 193
148, 192
149, 246
150, 193
151, 567
152, 198
153, 255
154, 193
155, 195
156, 192
157, 194
158, 193
159, 235
160, 300
161, 193
162, 193
163, 218
164, 468
165, 240
166, 201
167, 193
168, 193
169, 194
170, 193
171, 207
172, 397
173, 440
174, 266
175, 210
176, 194
177, 359
178, 194
179, 193
180, 193
181, 272
182, 200
183, 198
184, 193
185, 211
186, 192
187, 231
188, 193
189, 231
190, 193
191, 329
192, 208
193, 192
194, 220
195, 252
196, 279
197, 363
198, 232
199, 192
200, 271
201, 192
202, 193
203, 193
204, 192
205, 198
206, 192
207, 195
208, 234
209, 244
210, 192
211, 203
212, 246
213, 206
214, 193
215, 282
216, 194
217, 199
218, 194
219, 218
220, 224
221, 300
222, 193
223, 236
224, 313
225, 210
226, 207
227, 195
228, 194
229, 397
230, 199
231, 212
232, 198
233, 193
234, 331
235, 193
236, 223
237, 222
238, 193
239, 273
240, 216
241, 195
242, 212
243, 201
244, 196
245, 253
246, 246
247, 251
248, 193
249, 213
250, 217
