1, 170
2, 226
3, 186
4, 290
5, 398
6, 172
7, 170
8, 184
9, 186
10, 171
11, 171
12, 313
13, 206
14, 176
15, 172
16, 170
17, 173
18, 170
19, 284
20, 196
21, 174
22, 171
23, 170
24, 409
25, 215
26, 174
27, 174
28, 211
29, 173
30, 173
31, 222
32, 287
33, 711
34, 172
35, 178
36, 171
37, 176
38, 234
39, 287
40, 511
41, 237
42, 179
43, 237
44, 196
45, 462
46, 400
47, 170
48, 206
49, 171
50, 223
51, 170
52, 1149
53, 176
54, 244
55, 183
56, 173
57, 507
58, 172
59, 323
60, 228
61, 175
62, 170
63, 188
64, 171
65, 229
66, 383
67, 171
68, 202
69, 223
70, 175
71, 385
72, 177
73, 172
74, 198
75, 173
76, 245
77, 187
78, 326
79, 459
80, 171
81, 171
82, 178
83, 212
84, 170
85, 215
86, 758
87, 222
88, 174
89, 506
90, 173
91, 202
92, 183
93, 186
94, 171
95, 191
96, 179
97, 171
98, 249
99, 176
100, 214
101, 189
102, 208
103, 379
104, 258
105, 171
106, 207
107, 176
108, 328
109, 206
110, 291
111, 181
112, 286
113, 200
114, 287
115, 199
116, 278
117, 265
118, 289
119, 240
120, 248
121, 172
122, 271
123, 170
124, 172
125, 172
126, 258
127, 175
128, 249
129, 381
130, 215
131, 251
132, 317
133, 175
134, 242
135, 176
136, 354
137, 632
138, 347
139, 225
140, 202
141, 187
142, 371
143, 190
144, 182
145, 173
146, 171
147, 301
148, 175
149, 255
150, 189
151, 215
152, 175
153, 172
154, 470
155, 227
156, 171
157, 173
158, 215
159, 226
160, 231
161, 204
162, 177
163, 204
164, 557
165, 170
166, 332
167, 328
168, 732
169, 170
170, 190
171, 197
172, 350
173, 262
174, 172
175, 218
176, 438
177, 173
178, 234
179, 170
180, 195
181, 227
182, 171
183, 171
184, 185
185, 239
186, 183
187, 181
188, 198
189, 173
190, 171
191, 248
192, 176
193, 245
194, 218
195, 304
196, 202
197, 206
198, 215
199, 173
200, 200
201, 228
202, 177
203, 245
204, 259
205, 303
206, 266
207, 178
208, 202
209, 248
210, 171
211, 171
212, 212
213, 327
214, 335
215, 185
216, 243
217, 461
218, 174
219, 283
220, 406
221, 255
222, 172
223, 173
224, 183
225, 181
226, 353
227, 502
228, 266
229, 260
230, 200
231, 172
232, 296
233, 219
234, 171
235, 181
236, 178
237, 173
238, 277
239, 227
240, 351
241, 254
242, 170
243, 200
244, 172
245, 194
246, 175
247, 172
248, 407
249, 198
250, 172
