1, 165
2, 307
3, 145
4, 213
5, 150
6, 328
7, 148
8, 181
9, 153
10, 145
11, 212
12, 145
13, 226
14, 304
15, 190
16, 158
17, 253
18, 179
19, 182
20, 172
21, 175
22, 155
23, 311
24, 147
25, 186
26, 302
27, 149
28, 144
29, 173
30, 326
31, 225
32, 146
33, 221
34, 152
35, 171
36, 275
37, 216
38, 152
39, 146
40, 633
41, 145
42, 146
43, 206
44, 145
45, 288
46, 187
47, 242
48, 238
49, 145
50, 146
51, 392
52, 340
53, 151
54, 202
55, 144
56, 437
57, 155
58, 326
59, 169
60, 145
61, 227
62, 144
63, 153
64, 310
65, 146
66, 156
67, 154
68, 172
69, 146
70, 210
71, 221
72, 155
73, 443
74, 145
75, 234
76, 400
77, 157
78, 175
79, 239
80, 394
81, 153
82, 150
83, 185
84, 177
85, 287
86, 145
87, 145
88, 188
89, 147
90, 174
91, 195
92, 263
93, 148
94, 146
95, 153
96, 163
97, 272
98, 146
99, 191
100, 158
101, 194
102, 146
103, 251
104, 148
105, 192
106, 213
107, 179
108, 151
109, 146
110, 147
111, 146
112, 310
113, 145
114, 147
115, 170
116, 144
117, 146
118, 200
119, 224
120, 144
121, 147
122, 310
123, 157
124, 146
125, 145
126, 153
127, 211
128, 155
129, 153
130, 189
131, 149
132, 145
133, 145
134, 148
135, 145
136, 155
137, 179
138, 146
139, 154
140, 154
141, 156
142, 148
143, 170
144, 188
145, 145
146, 178
147, 162
148, 145
149, 145
150, 180
151, 183
152, 145
153, 160
154, 162
155, 144
156, 160
157, 152
158, 145
159, 145
160, 336
161, 152
162, 151
163, 146
164, 1156
165, 145
166, 155
167, 149
168, 148
169, 213
170, 145
171, 464
172, 177
173, 145
174, 424
175, 623
176, 280
177, 145
178, 440
179, 193
180, 144
181, 216
182, 807
183, 271
184, 228
185, 365
186, 332
187, 165
188, 282
189, 152
190, 153
191, 148
192, 209
193, 146
194, 323
195, 237
196, 166
197, 151
198, 170
199, 144
200, 145
201, 145
202, 160
203, 174
204, 460
205, 241
206, 230
207, 145
208, 282
209, 151
210, 171
211, 144
212, 148
213, 146
214, 146
215, 221
216, 145
217, 296
218, 211
219, 152
220, 146
221, 690
222, 181
223, 187
224, 146
225, 178
226, 168
227, 163
228, 145
229, 289
230, 146
231, 151
232, 254
233, 146
234, 158
235, 144
236, 151
237, 179
238, 174
239, 146
240, 209
241, 146
242, 146
243, 149
244, 219
245, 157
246, 266
247, 157
248, 449
249, 149
250, 177
