1, 637
2, 193
3, 193
4, 487
5, 199
6, 227
7, 193
8, 210
9, 261
10, 192
11, 272
12, 193
13, 260
14, 197
15, 192
16, 193
17, 207
18, 193
19, 195
20, 196
21, 192
22, 195
23, 194
24, 351
25, 232
26, 194
27, 296
28, 192
29, 269
30, 463
31, 373
32, 227
33, 191
34, 216
35, 193
36, 194
37, 202
38, 280
39, 340
40, 193
41, 194
42, 197
43, 192
44, 193
45, 192
46, 194
47, 193
48, 222
49, 564
50, 422
51, 197
52, 193
53, 422
54, 312
55, 196
56, 194
57, 194
58, 271
59, 205
60, 197
61, 215
62, 195
63, 237
64, 210
65, 193
66, 199
67, 203
68, 676
69, 323
70, 194
71, 195
72, 193
73, 235
74, 195
75, 217
76, 194
77, 192
78, 193
79, 620
80, 251
81, 241
82, 258
83, 193
84, 195
85, 194
86, 227
87, 193
88, 192
89, 193
90, 194
91, 192
92, 192
93, 234
94, 204
95, 285
96, 192
97, 194
98, 542
99, 193
100, 192
101, 461
102, 203
103, 241
104, 198
105, 202
106, 258
107, 240
108, 274
109, 227
110, 412
111, 230
112, 195
113, 200
114, 216
115, 234
116, 192
117, 211
118, 192
119, 332
120, 199
121, 240
122, 192
123, 320
124, 193
125, 194
126, 455
127, 520
128, 237
129, 259
130, 571
131, 277
132, 193
133, 194
134, 220
135, 407
136, 198
137, 193
138, 207
139, 339
140, 195
141, 240
142, 194
143, 194
144, 200
145, 196
146, 195
147, 464
148, 193
149, 230
150, 324
151, 244
152, 313
153, 235
154, 199
155, 195
156, 212
157, 387
158, 209
159, 194
160, 191
161, 292
162, 193
163, 193
164, 193
165, 197
166, 199
167, 202
168, 197
169, 192
170, 369
171, 448
172, 250
173, 207
174, 194
175, 192
176, 199
177, 223
178, 193
179, 197
180, 424
181, 206
182, 192
183, 357
184, 195
185, 698
186, 275
187, 261
188, 252
189, 202
190, 251
191, 208
192, 437
193, 213
194, 195
195, 207
196, 194
197, 200
198, 193
199, 197
200, 274
201, 265
202, 198
203, 192
204, 198
205, 194
206, 196
207, 242
208, 350
209, 210
210, 193
211, 194
212, 228
213, 192
214, 334
215, 735
216, 258
217, 199
218, 192
219, 277
220, 292
221, 196
222, 228
223, 336
224, 194
225, 194
226, 210
227, 307
228, 282
229, 193
230, 192
231, 269
232, 192
233, 195
234, 205
235, 209
236, 193
237, 218
238, 310
239, 194
240, 199
241, 533
242, 208
243, 192
244, 269
245, 308
246, 193
247, 198
248, 210
249, 301
250, 260
