1, 202
2, 257
3, 302
4, 197
5, 190
6, 185
7, 181
8, 182
9, 185
10, 190
11, 182
12, 435
13, 384
14, 182
15, 196
16, 194
17, 196
18, 281
19, 237
20, 197
21, 219
22, 314
23, 189
24, 189
25, 421
26, 216
27, 419
28, 210
29, 286
30, 299
31, 455
32, 217
33, 296
34, 181
35, 281
36, 195
37, 379
38, 237
39, 181
40, 207
41, 196
42, 262
43, 870
44, 181
45, 204
46, 180
47, 275
48, 967
49, 234
50, 520
51, 218
52, 186
53, 249
54, 194
55, 206
56, 301
57, 181
58, 182
59, 254
60, 180
61, 182
62, 180
63, 181
64, 181
65, 206
66, 414
67, 181
68, 186
69, 247
70, 180
71, 334
72, 265
73, 334
74, 181
75, 202
76, 181
77, 213
78, 189
79, 182
80, 409
81, 269
82, 404
83, 529
84, 224
85, 203
86, 306
87, 197
88, 193
89, 379
90, 180
91, 267
92, 181
93, 225
94, 199
95, 199
96, 183
97, 457
98, 190
99, 266
100, 282
101, 237
102, 226
103, 370
104, 180
105, 280
106, 198
107, 180
108, 182
109, 201
110, 179
111, 207
112, 183
113, 185
114, 293
115, 225
116, 208
117, 189
118, 265
119, 182
120, 245
121, 242
122, 330
123, 341
124, 295
125, 234
126, 415
127, 184
128, 189
129, 248
130, 266
131, 180
132, 180
133, 183
134, 457
135, 922
136, 362
137, 283
138, 180
139, 338
140, 181
141, 186
142, 346
143, 202
144, 223
145, 351
146, 180
147, 238
148, 181
149, 191
150, 195
151, 225
152, 189
153, 424
154, 209
155, 203
156, 193
157, 181
158, 180
159, 281
160, 216
161, 467
162, 219
163, 239
164, 185
165, 190
166, 223
167, 184
168, 180
169, 229
170, 259
171, 2092
172, 196
173, 232
174, 215
175, 215
176, 186
177, 197
178, 363
179, 401
180, 221
181, 181
182, 180
183, 353
184, 236
185, 697
186, 300
187, 298
188, 195
189, 324
190, 181
191, 434
192, 227
193, 348
194, 259
195, 241
196, 191
197, 193
198, 209
199, 428
200, 276
201, 182
202, 252
203, 193
204, 203
205, 209
206, 558
207, 198
208, 181
209, 247
210, 200
211, 195
212, 325
213, 203
214, 230
215, 181
216, 252
217, 219
218, 226
219, 235
220, 257
221, 213
222, 181
223, 214
224, 207
225, 333
226, 212
227, 180
228, 254
229, 209
230, 187
231, 202
232, 183
233, 182
234, 389
235, 183
236, 193
237, 212
238, 186
239, 272
240, 305
241, 181
242, 182
243, 242
244, 344
245, 198
246, 181
247, 215
248, 201
249, 215
250, 181
