1, 496
2, 457
3, 460
4, 516
5, 478
6, 469
7, 568
8, 466
9, 624
10, 556
11, 703
12, 510
13, 454
14, 713
15, 576
16, 574
17, 852
18, 455
19, 454
20, 463
21, 465
22, 1035
23, 625
24, 600
25, 771
26, 518
27, 509
28, 570
29, 456
30, 787
31, 491
32, 454
33, 576
34, 461
35, 685
36, 499
37, 504
38, 468
39, 494
40, 454
41, 454
42, 455
43, 458
44, 473
45, 565
46, 639
47, 455
48, 637
49, 474
50, 562
51, 729
52, 454
53, 456
54, 459
55, 794
56, 487
57, 587
58, 516
59, 560
60, 633
61, 744
62, 454
63, 539
64, 1026
65, 482
66, 455
67, 520
68, 1744
69, 455
70, 506
71, 457
72, 470
73, 711
74, 526
75, 454
76, 454
77, 725
78, 661
79, 549
80, 593
81, 503
82, 454
83, 454
84, 455
85, 819
86, 455
87, 514
88, 454
89, 455
90, 1230
91, 515
92, 506
93, 5892
94, 679
95, 566
96, 1173
97, 584
98, 460
99, 471
100, 463
101, 469
102, 456
103, 456
104, 588
105, 454
106, 455
107, 546
108, 730
109, 546
110, 823
111, 473
112, 454
113, 657
114, 1434
115, 455
116, 456
117, 461
118, 500
119, 506
120, 461
121, 455
122, 871
123, 534
124, 465
125, 825
126, 489
127, 788
128, 454
129, 455
130, 461
131, 455
132, 461
133, 473
134, 455
135, 1219
136, 460
137, 636
138, 453
139, 477
140, 500
141, 455
142, 457
143, 879
144, 1056
145, 454
146, 456
147, 797
148, 684
149, 888
150, 860
151, 549
152, 539
153, 483
154, 541
155, 466
156, 493
157, 744
158, 624
159, 454
160, 634
161, 485
162, 455
163, 455
164, 455
165, 461
166, 476
167, 481
168, 455
169, 509
170, 456
