1, 731
2, 457
3, 819
4, 1050
5, 490
6, 494
7, 721
8, 558
9, 570
10, 690
11, 648
12, 456
13, 1262
14, 579
15, 1212
16, 527
17, 512
18, 455
19, 477
20, 505
21, 463
22, 456
23, 457
24, 468
25, 593
26, 565
27, 455
28, 513
29, 462
30, 812
31, 455
32, 653
33, 773
34, 457
35, 725
36, 717
37, 536
38, 488
39, 561
40, 688
41, 454
42, 456
43, 454
44, 456
45, 525
46, 1033
47, 456
48, 471
49, 489
50, 476
51, 590
52, 532
53, 457
54, 455
55, 456
56, 456
57, 454
58, 468
59, 583
60, 458
61, 456
62, 455
63, 471
64, 454
65, 454
66, 457
67, 491
68, 544
69, 465
70, 455
71, 572
72, 2001
73, 593
74, 567
75, 455
76, 461
77, 494
78, 651
79, 710
80, 456
81, 511
82, 741
83, 455
84, 502
85, 542
86, 455
87, 873
88, 455
89, 476
90, 455
91, 536
92, 607
93, 1183
94, 565
95, 484
96, 561
97, 475
98, 686
99, 454
100, 455
101, 465
102, 600
103, 657
104, 455
105, 1978
106, 731
107, 489
108, 489
109, 677
110, 1488
111, 457
112, 856
113, 735
114, 467
115, 471
116, 1567
117, 567
118, 517
119, 455
120, 489
121, 455
122, 455
123, 454
124, 904
125, 514
126, 506
127, 487
128, 540
129, 509
130, 454
131, 457
132, 600
133, 456
134, 472
135, 584
136, 456
137, 462
138, 456
139, 454
140, 457
141, 468
142, 455
143, 456
144, 507
145, 454
146, 461
147, 455
148, 463
149, 455
150, 1336
151, 468
152, 464
153, 455
154, 775
155, 463
156, 455
157, 456
158, 457
159, 457
160, 1048
161, 455
162, 833
163, 987
164, 457
165, 456
166, 456
167, 763
168, 508
169, 455
170, 454
