1, 833
2, 457
3, 602
4, 411
5, 403
6, 875
7, 553
8, 633
9, 457
10, 742
11, 771
12, 775
13, 426
14, 425
15, 530
16, 550
17, 408
18, 413
19, 397
20, 697
21, 1014
22, 482
23, 487
24, 397
25, 766
26, 397
27, 456
28, 397
29, 413
30, 664
31, 1719
32, 524
33, 458
34, 578
35, 469
36, 406
37, 569
38, 400
39, 498
40, 647
41, 428
42, 463
43, 451
44, 586
45, 399
46, 605
47, 400
48, 619
49, 564
50, 397
51, 416
52, 400
53, 476
54, 412
55, 1134
56, 888
57, 403
58, 553
59, 476
60, 604
61, 455
62, 426
63, 436
64, 411
65, 548
66, 420
67, 400
68, 461
69, 453
70, 572
71, 500
72, 498
73, 464
74, 411
75, 540
76, 467
77, 510
78, 962
79, 399
80, 422
81, 693
82, 404
83, 887
84, 529
85, 442
86, 485
87, 437
88, 571
89, 680
90, 468
91, 686
92, 494
93, 435
94, 482
95, 425
96, 422
97, 530
98, 1015
99, 413
100, 454
101, 400
102, 484
103, 1064
104, 514
105, 494
106, 483
107, 2596
108, 984
109, 710
110, 457
111, 397
112, 397
113, 477
114, 607
115, 441
116, 1086
117, 497
118, 539
119, 433
120, 511
121, 397
122, 454
123, 397
124, 700
125, 822
126, 414
127, 549
128, 405
129, 939
130, 848
131, 397
132, 466
133, 517
134, 403
135, 790
136, 401
137, 432
138, 399
139, 444
140, 677
141, 776
142, 477
143, 689
144, 414
145, 399
146, 414
147, 436
148, 1235
149, 415
150, 451
151, 485
152, 615
153, 468
154, 580
155, 398
156, 401
157, 445
158, 411
159, 469
160, 413
161, 423
162, 633
163, 774
164, 3663
165, 474
166, 799
167, 458
168, 505
169, 904
170, 675
