1, 478
2, 960
3, 400
4, 543
5, 931
6, 483
7, 404
8, 400
9, 414
10, 439
11, 400
12, 416
13, 521
14, 547
15, 515
16, 474
17, 841
18, 399
19, 505
20, 545
21, 399
22, 455
23, 480
24, 512
25, 508
26, 535
27, 400
28, 443
29, 425
30, 1876
31, 403
32, 400
33, 453
34, 663
35, 416
36, 402
37, 595
38, 401
39, 450
40, 401
41, 561
42, 400
43, 476
44, 496
45, 399
46, 400
47, 1214
48, 538
49, 399
50, 400
51, 427
52, 515
53, 400
54, 449
55, 400
56, 536
57, 428
58, 806
59, 524
60, 423
61, 1335
62, 401
63, 399
64, 400
65, 430
66, 407
67, 961
68, 400
69, 402
70, 408
71, 433
72, 410
73, 441
74, 854
75, 625
76, 400
77, 648
78, 400
79, 400
80, 478
81, 399
82, 484
83, 399
84, 1122
85, 419
86, 518
87, 588
88, 420
89, 400
90, 500
91, 403
92, 673
93, 802
94, 400
95, 619
96, 402
97, 497
98, 400
99, 547
100, 450
101, 491
102, 438
103, 741
104, 405
105, 780
106, 399
107, 400
108, 400
109, 401
110, 400
111, 876
112, 404
113, 400
114, 420
115, 856
116, 824
117, 546
118, 481
119, 401
120, 405
121, 545
122, 400
123, 403
124, 712
125, 506
126, 422
127, 713
128, 868
129, 400
130, 399
131, 500
132, 615
133, 432
134, 458
135, 492
136, 401
137, 399
138, 538
139, 476
140, 399
141, 400
142, 465
143, 399
144, 411
145, 563
146, 401
147, 405
148, 399
149, 1016
150, 399
151, 593
152, 707
153, 474
154, 1535
155, 441
156, 544
157, 509
158, 412
159, 757
160, 409
161, 445
162, 705
163, 403
164, 738
165, 408
166, 671
167, 931
168, 399
169, 400
170, 404
