1, 556
2, 517
3, 479
4, 462
5, 768
6, 455
7, 476
8, 469
9, 457
10, 461
11, 474
12, 559
13, 455
14, 456
15, 453
16, 470
17, 485
18, 504
19, 459
20, 474
21, 454
22, 1177
23, 458
24, 453
25, 457
26, 662
27, 521
28, 566
29, 1650
30, 775
31, 836
32, 455
33, 505
34, 727
35, 588
36, 542
37, 603
38, 461
39, 470
40, 454
41, 507
42, 542
43, 583
44, 578
45, 948
46, 454
47, 533
48, 601
49, 690
50, 577
51, 1040
52, 453
53, 469
54, 562
55, 564
56, 664
57, 454
58, 454
59, 455
60, 628
61, 521
62, 770
63, 558
64, 455
65, 466
66, 495
67, 677
68, 702
69, 476
70, 579
71, 511
72, 672
73, 862
74, 454
75, 606
76, 457
77, 454
78, 756
79, 456
80, 477
81, 528
82, 475
83, 1030
84, 800
85, 454
86, 868
87, 643
88, 520
89, 490
90, 456
91, 454
92, 1255
93, 455
94, 454
95, 601
96, 1039
97, 454
98, 469
99, 556
100, 507
101, 464
102, 554
103, 726
104, 567
105, 456
106, 482
107, 537
108, 489
109, 453
110, 629
111, 485
112, 459
113, 461
114, 820
115, 460
116, 649
117, 462
118, 613
119, 487
120, 470
121, 508
122, 480
123, 462
124, 554
125, 651
126, 809
127, 714
128, 617
129, 600
130, 482
131, 492
132, 464
133, 483
134, 465
135, 888
136, 514
137, 547
138, 610
139, 512
140, 452
141, 456
142, 699
143, 510
144, 547
145, 1007
146, 491
147, 626
148, 818
149, 458
150, 458
151, 780
152, 527
153, 469
154, 911
155, 455
156, 494
157, 453
158, 466
159, 512
160, 454
161, 641
162, 564
163, 454
164, 461
165, 655
166, 618
167, 492
168, 625
169, 745
170, 782
