1, 453
2, 943
3, 481
4, 515
5, 453
6, 1212
7, 490
8, 542
9, 483
10, 480
11, 513
12, 737
13, 502
14, 522
15, 454
16, 519
17, 714
18, 586
19, 848
20, 504
21, 705
22, 467
23, 483
24, 478
25, 2532
26, 839
27, 454
28, 479
29, 575
30, 468
31, 771
32, 615
33, 757
34, 466
35, 1271
36, 476
37, 474
38, 514
39, 488
40, 453
41, 456
42, 618
43, 598
44, 576
45, 455
46, 457
47, 486
48, 459
49, 456
50, 456
51, 632
52, 460
53, 648
54, 590
55, 508
56, 952
57, 544
58, 795
59, 611
60, 454
61, 521
62, 623
63, 789
64, 785
65, 458
66, 460
67, 456
68, 619
69, 1406
70, 486
71, 739
72, 453
73, 453
74, 532
75, 455
76, 671
77, 489
78, 462
79, 729
80, 460
81, 939
82, 472
83, 1133
84, 908
85, 1641
86, 505
87, 891
88, 1054
89, 634
90, 709
91, 532
92, 461
93, 455
94, 456
95, 483
96, 509
97, 454
98, 455
99, 453
100, 594
101, 465
102, 488
103, 782
104, 453
105, 2204
106, 466
107, 455
108, 615
109, 503
110, 505
111, 803
112, 582
113, 491
114, 551
115, 456
116, 499
117, 964
118, 706
119, 627
120, 475
121, 478
122, 551
123, 452
124, 648
125, 456
126, 455
127, 465
128, 461
129, 497
130, 509
131, 461
132, 864
133, 522
134, 620
135, 864
136, 551
137, 829
138, 456
139, 708
140, 1171
141, 569
142, 573
143, 560
144, 452
145, 913
146, 739
147, 678
148, 895
149, 491
150, 461
151, 468
152, 454
153, 462
154, 806
155, 605
156, 458
157, 456
158, 505
159, 676
160, 542
161, 469
162, 473
163, 541
164, 524
165, 464
166, 454
167, 494
168, 618
169, 454
170, 456
