1, 456
2, 766
3, 506
4, 470
5, 732
6, 510
7, 452
8, 488
9, 730
10, 528
11, 464
12, 462
13, 472
14, 497
15, 545
16, 458
17, 593
18, 463
19, 524
20, 823
21, 544
22, 530
23, 727
24, 497
25, 768
26, 461
27, 455
28, 937
29, 573
30, 539
31, 1233
32, 556
33, 586
34, 778
35, 452
36, 613
37, 668
38, 750
39, 704
40, 477
41, 671
42, 489
43, 461
44, 452
45, 454
46, 584
47, 732
48, 654
49, 2001
50, 465
51, 462
52, 525
53, 468
54, 455
55, 648
56, 784
57, 455
58, 846
59, 496
60, 661
61, 827
62, 455
63, 465
64, 802
65, 608
66, 509
67, 524
68, 661
69, 504
70, 552
71, 674
72, 480
73, 552
74, 733
75, 607
76, 595
77, 562
78, 723
79, 465
80, 556
81, 452
82, 490
83, 535
84, 1380
85, 690
86, 481
87, 585
88, 469
89, 644
90, 727
91, 729
92, 506
93, 455
94, 631
95, 520
96, 560
97, 984
98, 567
99, 453
100, 521
101, 689
102, 506
103, 505
104, 714
105, 480
106, 560
107, 2510
108, 519
109, 454
110, 752
111, 567
112, 980
113, 3677
114, 455
115, 1806
116, 462
117, 452
118, 641
119, 498
120, 485
121, 488
122, 660
123, 547
124, 476
125, 597
126, 454
127, 453
128, 518
129, 466
130, 878
131, 1082
132, 714
133, 479
134, 682
135, 497
136, 457
137, 594
138, 605
139, 481
140, 524
141, 564
142, 468
143, 1096
144, 684
145, 456
146, 1971
147, 473
148, 558
149, 460
150, 657
151, 630
152, 582
153, 507
154, 454
155, 517
156, 567
157, 641
158, 454
159, 453
160, 492
161, 529
162, 717
163, 453
164, 459
165, 454
166, 689
167, 884
168, 486
169, 901
170, 1360
