1, 522
2, 566
3, 415
4, 624
5, 445
6, 936
7, 408
8, 548
9, 398
10, 869
11, 443
12, 910
13, 401
14, 443
15, 407
16, 401
17, 1221
18, 516
19, 471
20, 1093
21, 529
22, 863
23, 1156
24, 425
25, 440
26, 422
27, 435
28, 401
29, 403
30, 496
31, 483
32, 413
33, 459
34, 1659
35, 405
36, 554
37, 413
38, 676
39, 423
40, 1064
41, 639
42, 439
43, 522
44, 1326
45, 417
46, 1527
47, 438
48, 722
49, 404
50, 549
51, 2195
52, 424
53, 1481
54, 410
55, 903
56, 546
57, 400
58, 832
59, 491
60, 1245
61, 398
62, 402
63, 417
64, 398
65, 399
66, 397
67, 400
68, 556
69, 398
70, 618
71, 706
72, 662
73, 672
74, 397
75, 1111
76, 442
77, 659
78, 409
79, 919
80, 399
81, 400
82, 486
83, 1078
84, 627
85, 1212
86, 397
87, 696
88, 401
89, 397
90, 399
91, 468
92, 520
93, 399
94, 492
95, 397
96, 399
97, 397
98, 840
99, 398
100, 465
101, 405
102, 397
103, 617
104, 529
105, 398
106, 412
107, 416
108, 398
109, 614
110, 734
111, 407
112, 399
113, 535
114, 524
115, 852
116, 552
117, 692
118, 403
119, 401
120, 968
121, 411
122, 432
123, 560
124, 1223
125, 579
126, 548
127, 514
128, 681
129, 397
130, 412
131, 583
132, 579
133, 477
134, 399
135, 400
136, 415
137, 434
138, 901
139, 545
140, 397
141, 465
142, 728
143, 400
144, 2005
145, 405
146, 455
147, 398
148, 398
149, 525
150, 411
151, 434
152, 476
153, 402
154, 420
155, 498
156, 462
157, 456
158, 525
159, 437
160, 445
161, 398
162, 396
163, 456
164, 662
165, 554
166, 878
167, 511
168, 425
169, 480
170, 1114
